Время (мс),Сигнал (В) 
1216265, -0.012201
1216275, -0.0110245
1216285, -0.0120505
1216295, -0.0110166
1216305, -0.0121802
1216315, -0.0111588
1216325, -0.0122253
1216335, -0.0111277
1216345, -0.0120982
1216355, -0.0111296
1216365, -0.0120944
1216375, -0.0111441
1216385, -0.0121732
1216395, -0.0110797
1216405, -0.0121123
1216415, -0.011061
1216425, -0.0121123
1216435, -0.0111068
1216446, -0.0120854
1216459, -0.0110253
1216475, -0.0121538
1216493, -0.0111156
1216512, -0.0121722
1216531, -0.0111319
1216551, -0.0121104
1216571, -0.0111265
1216593, -0.0121084
1216617, -0.0110427
1216640, -0.012157
1216663, -0.0110304
1216688, -0.0121239
1216714, -0.011016
1216747, -0.0119848
1216784, -0.0109866
1216826, -0.0122244
1216874, -0.0112626
1216923, -0.0122902
1216974, -0.0110596
1217026, -0.0120463
1217077, -0.0110445
1217133, -0.0121694
1217190, -0.0110782
1217250, -0.0120562
1217316, -0.0109617
1217371, -0.012021
1217414, -0.0110053
1217450, -0.0121612
1217472, -0.0111315
1217494, -0.0121933
1217515, -0.0110746
1217538, -0.0121755
1217559, -0.0110851
1217580, -0.0121363
1217602, -0.011067
1217623, -0.012091
1217647, -0.0115656
1217667, -0.0119474
1217687, -0.0109584
1217708, -0.0120547
1217731, -0.0110745
1217751, -0.0121403
1217779, -0.0111362
1217802, -0.0121257
1217825, -0.0111087
1217854, -0.0121395
1217881, -0.0110673
1217909, -0.0122704
1217939, -0.011136
1217970, -0.0120362
1218008, -0.0109415
1218045, -0.0121605
1218082, -0.011219
1218118, -0.012242
1218157, -0.0110279
1218197, -0.0121551
1218237, -0.0109618
1218280, -0.0120678
1218322, -0.0109562
1218363, -0.0120396
1218410, -0.01105
1218455, -0.0120969
1218499, -0.0110482
1218538, -0.0120961
1218578, -0.0111567
1218615, -0.0122592
1218645, -0.0113041
1218674, -0.0122239
1218705, -0.0111398
1218743, -0.0120481
1218765, -0.0109472
1218787, -0.0121503
1218810, -0.0110426
1218832, -0.0120671
1218857, -0.01087
1218880, -0.0120039
1218912, -0.0110597
1218933, -0.0121951
1218965, -0.0110937
1218995, -0.0121264
1219026, -0.0112197
1219056, -0.0122239
1219088, -0.0110983
1219119, -0.0120809
1219149, -0.0111061
1219187, -0.0122617
1219222, -0.0110698
1219256, -0.0120174
1219291, -0.0110847
1219326, -0.0121482
1219360, -0.01118
1219396, -0.0121763
1219430, -0.010988
1219466, -0.0120864
1219503, -0.0109908
1219541, -0.0120698
1219577, -0.0110688
1219613, -0.0122036
1219651, -0.011033
1219687, -0.0120801
1219727, -0.011355
1219763, -0.0122667
1219800, -0.0112012
1219833, -0.0121215
1219863, -0.011141
1219895, -0.0121542
1219929, -0.0110954
1219962, -0.012092
1219999, -0.0110081
1220022, -0.0119729
1220055, -0.010955
1220092, -0.0120126
1220115, -0.0109758
1220147, -0.0122078
1220181, -0.0111974
1220216, -0.0122431
1220250, -0.0111061
1220285, -0.0122158
1220319, -0.0111812
1220352, -0.0122226
1220388, -0.011177
1220422, -0.012175
1220456, -0.0110052
1220490, -0.011978
1220524, -0.0109468
1220557, -0.0120891
1220586, -0.0110928
1220617, -0.0121977
1220649, -0.0109514
1220685, -0.0119867
1220721, -0.0110781
1220755, -0.0121208
1220792, -0.011166
1220831, -0.0122301
1220870, -0.0111424
1220906, -0.0121738
1220940, -0.0110754
1220974, -0.012217
1221008, -0.0110789
1221045, -0.0121666
1221082, -0.0109894
1221119, -0.0121309
1221147, -0.0110594
1221183, -0.0120584
1221208, -0.0108982
1221246, -0.0120346
1221283, -0.0109895
1221319, -0.0121669
1221355, -0.0111254
1221379, -0.0120999
1221417, -0.0111823
1221457, -0.012239
1221480, -0.0112929
1221516, -0.0122996
1221550, -0.011231
1221583, -0.0122279
1221615, -0.0110906
1221647, -0.0120149
1221678, -0.0108127
1221709, -0.0119095
1221736, -0.0108885
1221763, -0.0121322
1221793, -0.0110591
1221821, -0.0121675
1221851, -0.0109976
1221881, -0.0122349
1221912, -0.0112923
1221942, -0.0122645
1221971, -0.0111291
1222003, -0.0121899
1222035, -0.0111818
1222066, -0.0120933
1222097, -0.0111021
1222128, -0.0120151
1222159, -0.01104
1222189, -0.0121796
1222219, -0.0110042
1222249, -0.0120187
1222280, -0.0109654
1222312, -0.0120604
1222344, -0.0110594
1222375, -0.0121355
1222407, -0.0110594
1222438, -0.0121673
1222471, -0.0110658
1222503, -0.0121001
1222536, -0.0111644
1222569, -0.0121952
1222604, -0.0110372
1222639, -0.0121084
1222674, -0.0110145
1222711, -0.012101
1222745, -0.0111915
1222782, -0.0120586
1222823, -0.0110553
1222862, -0.0120472
1222901, -0.0111099
1222939, -0.0120472
1222978, -0.0114256
1223009, -0.0121559
1223044, -0.0110512
1223079, -0.0121775
1223114, -0.0112261
1223148, -0.0122334
1223185, -0.0109868
1223219, -0.0120459
1223253, -0.0109531
1223275, -0.0121795
1223309, -0.0110012
1223343, -0.0120899
1223376, -0.0110974
1223399, -0.0121127
1223431, -0.011061
1223468, -0.0120458
1223501, -0.0111529
1223532, -0.012221
1223565, -0.0112556
1223598, -0.0121143
1223631, -0.0109923
1223666, -0.0120631
1223699, -0.0110683
1223731, -0.0120872
1223762, -0.0110179
1223795, -0.0121764
1223829, -0.0111039
1223861, -0.0120588
1223897, -0.0110829
1223932, -0.0122672
1223970, -0.0112036
1224004, -0.0122501
1224042, -0.0110272
1224081, -0.0121061
1224116, -0.0110849
1224152, -0.0120723
1224187, -0.0111752
1224223, -0.0121673
1224257, -0.0110371
1224293, -0.0119988
1224328, -0.0110415
1224364, -0.0121922
1224397, -0.0111177
1224435, -0.0120488
1224458, -0.0109559
1224493, -0.0121477
1224529, -0.0111651
1224564, -0.0122342
1224600, -0.0111215
1224624, -0.0121281
1224658, -0.0111945
1224692, -0.012398
1224728, -0.0111836
1224758, -0.0122146
1224789, -0.0111067
1224818, -0.0121294
1224849, -0.0109584
1224880, -0.0119742
1224910, -0.0110663
1224940, -0.012068
1224970, -0.0110495
1225003, -0.0120391
1225036, -0.0110378
1225070, -0.0120339
1225103, -0.0111179
1225135, -0.012273
1225168, -0.0113088
1225199, -0.0121994
1225231, -0.0110462
1225262, -0.0120229
1225294, -0.0110499
1225325, -0.0122189
1225358, -0.0111629
1225390, -0.0120526
1225423, -0.0109452
1225456, -0.0119207
1225487, -0.0109449
1225519, -0.0121398
1225550, -0.0112377
1225582, -0.012141
1225613, -0.0110878
