Время (мс),Сигнал (В) 
1155687, -0.00975455
1155697, -0.00905203
1155707, -0.00969697
1155717, -0.00895316
1155727, -0.00963427
1155737, -0.00890391
1155747, -0.00966496
1155757, -0.00905327
1155767, -0.00964884
1155777, -0.00891158
1155787, -0.00971713
1155797, -0.00901919
1155807, -0.00974384
1155817, -0.00908004
1155827, -0.00980208
1155837, -0.00907594
1155847, -0.00975378
1155857, -0.0089211
1155869, -0.00975645
1155883, -0.00896839
1155898, -0.00967115
1155916, -0.00883258
1155935, -0.00951548
1155953, -0.00892015
1155972, -0.00972909
1155991, -0.0091619
1156012, -0.00971594
1156032, -0.00893639
1156054, -0.00974789
1156076, -0.00907279
1156099, -0.0097696
1156123, -0.0090152
1156152, -0.00969346
1156185, -0.00890016
1156224, -0.00962005
1156266, -0.00904269
1156309, -0.00970857
1156357, -0.0089929
1156409, -0.00971422
1156465, -0.00889153
1156522, -0.00962523
1156582, -0.00889629
1156645, -0.00968578
1156708, -0.00903168
1156762, -0.00977418
1156808, -0.00888951
1156842, -0.00968192
1156874, -0.00901247
1156896, -0.00972968
1156917, -0.00912829
1156937, -0.00981094
1156960, -0.00909783
1156980, -0.00978304
1157003, -0.00886126
1157024, -0.00958722
1157043, -0.00882901
1157064, -0.0100174
1157085, -0.00884246
1157099, -0.00957175
1157115, -0.00884972
1157131, -0.00967644
1157146, -0.0090089
1157169, -0.00975859
1157191, -0.0090315
1157214, -0.00981284
1157240, -0.00906351
1157266, -0.00974622
1157291, -0.00907427
1157316, -0.00973444
1157342, -0.00897636
1157368, -0.00967412
1157395, -0.00884323
1157422, -0.00962773
1157450, -0.00894245
1157479, -0.00953005
1157507, -0.00883996
1157537, -0.00968031
1157571, -0.00890944
1157605, -0.00969494
1157638, -0.0089948
1157672, -0.00986103
1157706, -0.00903668
1157741, -0.00979006
1157776, -0.00911389
1157813, -0.0098254
1157850, -0.00900527
1157884, -0.00970292
1157919, -0.00887488
1157953, -0.00967633
1157987, -0.00890111
1158020, -0.00967216
1158054, -0.00882693
1158087, -0.00952946
1158115, -0.00881367
1158150, -0.00970845
1158182, -0.0089904
1158213, -0.00984687
1158245, -0.00900842
1158276, -0.00982504
1158307, -0.00900735
1158338, -0.00985496
1158370, -0.00903412
1158400, -0.00984532
1158430, -0.00890087
1158461, -0.00966562
1158492, -0.00883734
1158524, -0.00955521
1158555, -0.00873122
1158586, -0.00964046
1158614, -0.0088929
1158645, -0.00975824
1158673, -0.00884026
1158704, -0.00968239
1158735, -0.00902871
1158765, -0.00990219
1158795, -0.00898594
1158824, -0.00983795
1158854, -0.00896696
1158884, -0.00984235
1158916, -0.0089048
1158947, -0.00976068
1158979, -0.00880927
1159011, -0.00973474
1159043, -0.00880897
1159075, -0.00971743
1159106, -0.00883056
1159140, -0.00970756
1159174, -0.00885025
1159209, -0.00972742
1159243, -0.00891384
1159277, -0.00974682
1159310, -0.00892062
1159343, -0.00984675
1159375, -0.00893847
1159408, -0.00972397
1159441, -0.00888297
1159473, -0.00974218
1159507, -0.00891473
1159541, -0.00975836
1159578, -0.00895007
1159612, -0.00974063
1159652, -0.00878262
1159691, -0.00968822
1159728, -0.00884579
1159764, -0.00973837
1159802, -0.00890052
1159835, -0.0097994
1159876, -0.00890444
1159915, -0.00978542
1159953, -0.00897559
1159977, -0.00989791
1160012, -0.0089697
1160034, -0.00973028
1160069, -0.00882301
1160104, -0.00956556
1160137, -0.00897452
1160168, -0.00974997
1160199, -0.0088145
1160230, -0.00966824
1160261, -0.00881045
1160292, -0.00978286
1160324, -0.00897808
1160355, -0.00987013
1160388, -0.00894709
1160421, -0.00977466
1160459, -0.0088694
1160491, -0.00971392
1160523, -0.00875121
1160558, -0.0098668
1160588, -0.00895477
1160623, -0.00975467
1160654, -0.00878601
1160688, -0.00963427
1160722, -0.00879909
1160756, -0.009758
1160791, -0.00886191
1160827, -0.0097273
1160862, -0.0088904
1160896, -0.00968679
1160930, -0.00883615
1160963, -0.00978251
1160999, -0.00891176
1161036, -0.00980214
1161070, -0.00884121
1161105, -0.00970208
1161140, -0.00885894
1161175, -0.00985639
1161210, -0.00894525
1161244, -0.00975229
1161277, -0.0087358
1161313, -0.00970577
1161348, -0.00881051
1161381, -0.00965818
1161418, -0.00876542
1161452, -0.00974586
1161486, -0.00884038
1161520, -0.0098069
1161555, -0.00895417
1161589, -0.0098665
1161617, -0.00900729
1161652, -0.00986912
1161686, -0.00889665
1161722, -0.0098345
1161755, -0.00867905
1161791, -0.00970993
1161822, -0.00883657
1161855, -0.00982088
1161887, -0.00873764
1161921, -0.00963427
1161954, -0.00878315
1161987, -0.00979292
1162019, -0.00890533
1162049, -0.00977263
1162084, -0.00879326
1162115, -0.00985335
1162152, -0.00889647
1162187, -0.00982082
1162222, -0.00887054
1162255, -0.00983123
1162290, -0.00882568
1162323, -0.00974105
1162357, -0.00873443
1162390, -0.00989767
1162425, -0.00882075
1162457, -0.00972427
1162492, -0.008796
1162526, -0.00964962
1162560, -0.00878071
1162592, -0.00976752
1162626, -0.00879041
1162661, -0.00986757
1162697, -0.00891485
1162729, -0.00985163
1162763, -0.00884258
1162798, -0.0098433
1162833, -0.00889165
1162869, -0.00984901
1162905, -0.00878321
1162943, -0.0096928
1162981, -0.00869511
1163020, -0.00966532
1163042, -0.00872985
1163078, -0.00964878
1163114, -0.00877018
1163151, -0.00968138
1163187, -0.00889873
1163222, -0.00985026
1163258, -0.00899373
1163282, -0.00989178
1163315, -0.00895459
1163350, -0.00983753
1163384, -0.00880516
1163416, -0.00976014
1163449, -0.00880712
1163483, -0.00976044
1163516, -0.00888386
1163552, -0.00963629
1163586, -0.00868423
1163619, -0.00983396
1163654, -0.00881069
1163687, -0.00996501
1163724, -0.0088581
1163754, -0.00976371
1163785, -0.00890426
1163815, -0.0097972
1163845, -0.00889552
1163875, -0.00981142
1163907, -0.00894281
1163937, -0.00975157
1163969, -0.00888356
1164005, -0.00967942
1164037, -0.00878065
1164068, -0.00978191
1164103, -0.00879814
1164135, -0.0096561
1164168, -0.00868916
1164200, -0.00969072
1164232, -0.00882628
1164264, -0.00978875
1164297, -0.00887601
1164332, -0.00985871
1164366, -0.00888683
1164399, -0.00983051
1164433, -0.00909444
1164465, -0.00979833
1164495, -0.00884686
1164525, -0.00976627
1164554, -0.00879921
1164585, -0.00959947
1164618, -0.00868958
1164651, -0.00963909
1164683, -0.00884983
1164714, -0.00973319
1164746, -0.0087521
1164784, -0.00974015
1164821, -0.00894882
1164855, -0.00995353
1164888, -0.00891384
1164918, -0.00980672
1164948, -0.00884198
1164980, -0.0098502
1165010, -0.00878321
1165041, -0.00972094
1165076, -0.00882057
1165109, -0.00971035
1165139, -0.00876144
1165169, -0.0096743
1165199, -0.00885673
1165232, -0.00972385
1165263, -0.00883014
1165295, -0.00970488
1165327, -0.0088926
1165360, -0.00976918
1165391, -0.00890813
1165424, -0.00981707
1165456, -0.00892794
1165490, -0.00970357
1165523, -0.00876382
1165556, -0.00961351
1165588, -0.0088728
1165619, -0.00997161
1165651, -0.00881759
1165687, -0.00970553
1165722, -0.00878785
1165759, -0.00968346
1165796, -0.00877899
1165830, -0.00972772
1165866, -0.00892675
1165902, -0.00976526
1165938, -0.00882687
1165973, -0.00965771
1166008, -0.00888802
1166043, -0.00985401
1166074, -0.00903454
1166107, -0.00979351
1166139, -0.00885483
1166171, -0.00966972
1166200, -0.00881022
1166229, -0.00960952
1166261, -0.00879654
1166293, -0.0098135
1166324, -0.00883056
1166358, -0.00961363
1166391, -0.00880474
1166422, -0.00984443
1166454, -0.00893668
1166486, -0.00976389
1166518, -0.00884044
1166552, -0.00971083
1166585, -0.00888648
1166618, -0.00974979
1166651, -0.00888327
1166684, -0.00972034
1166724, -0.00884603
1166760, -0.00962856
1166795, -0.00876727
1166833, -0.00966401
1166867, -0.00889195
1166900, -0.00972391
1166938, -0.0087888
1166976, -0.00964658
1167012, -0.00877875
1167045, -0.00973224
1167078, -0.00888487
1167114, -0.0096699
1167150, -0.00882985
1167184, -0.00967811
1167219, -0.00890129
1167257, -0.00978465
1167293, -0.00889933
1167330, -0.00976936
1167353, -0.00885025
1167389, -0.00960798
1167425, -0.00878297
1167447, -0.00962309
1167484, -0.0089434
1167523, -0.00994669
1167548, -0.00889641
1167578, -0.00960655
1167608, -0.00885775
1167638, -0.00970916
1167668, -0.0089675
1167698, -0.00979131
1167727, -0.00879814
1167757, -0.009668
1167789, -0.00868797
1167822, -0.00959168
1167851, -0.00884073
1167880, -0.00989363
1167910, -0.00889082
1167939, -0.00958781
1167968, -0.00878262
1167998, -0.00969744
1168029, -0.00899159
1168059, -0.00986942
1168088, -0.00899682
1168118, -0.009642
1168147, -0.00878529
1168176, -0.0095219
1168206, -0.00892104
1168235, -0.00975842
1168263, -0.00889243
1168293, -0.00953142
1168324, -0.00878511
1168355, -0.00961607
1168383, -0.00891081
