Время (мс),Сигнал (В) 
864468, -0.0052305
864478, -0.00443684
864488, -0.00517375
864498, -0.00441025
864508, -0.00518208
864518, -0.00445118
864528, -0.00520123
864538, -0.004424
864548, -0.0051606
864558, -0.00445285
864568, -0.00520046
864578, -0.00444345
864590, -0.0052145
864606, -0.00445469
864620, -0.00520111
864628, -0.0044469
864636, -0.00518916
864647, -0.00445427
864661, -0.00520135
864677, -0.00443036
864694, -0.0052092
864715, -0.00444862
864735, -0.00519427
864757, -0.00442191
864785, -0.0052305
864809, -0.00445029
864834, -0.00518749
864860, -0.00444083
864886, -0.00519457
864914, -0.0044491
864942, -0.00519737
864973, -0.00443262
865014, -0.00519243
865060, -0.00444678
865111, -0.00519302
865166, -0.00445707
865226, -0.00520778
865289, -0.00445481
865358, -0.00516013
865430, -0.00441775
865504, -0.00519207
865573, -0.00446492
865628, -0.00521021
865657, -0.00445546
865684, -0.00521093
865711, -0.00444071
865738, -0.00521961
865764, -0.00442631
865790, -0.00518731
865816, -0.00446207
865842, -0.00520897
865869, -0.00445201
865896, -0.00521081
865922, -0.00446909
865949, -0.0051976
865977, -0.00444095
866014, -0.00520962
866046, -0.00445945
866075, -0.00517565
866104, -0.00442013
866132, -0.00523562
866160, -0.00446433
866189, -0.00518553
866217, -0.00444517
866246, -0.00518856
866275, -0.00446296
866305, -0.005207
866335, -0.0044488
866381, -0.0052142
866433, -0.00442364
866480, -0.0051935
866537, -0.0044234
866592, -0.00521747
866649, -0.00443411
866704, -0.00522544
866750, -0.00441555
866781, -0.00518684
866811, -0.00446462
866843, -0.00521634
866873, -0.00444922
866902, -0.00519921
866931, -0.00446486
866959, -0.00521164
866988, -0.00443048
867018, -0.00519344
867048, -0.00444172
867078, -0.00518553
867107, -0.00442929
867137, -0.00517024
867166, -0.0044532
867198, -0.00520016
867230, -0.00444499
867260, -0.00516899
867290, -0.00444297
867320, -0.00521462
867349, -0.00444785
867379, -0.00520724
867410, -0.00446439
867441, -0.0051954
867472, -0.00446873
867520, -0.00518125
867569, -0.00444957
867616, -0.00521164
867664, -0.00444571
867713, -0.00517072
867762, -0.00441269
867811, -0.00520605
867859, -0.00442411
867890, -0.00517756
867920, -0.0044372
867950, -0.00522092
867981, -0.00442423
868011, -0.00520819
868042, -0.00444392
868072, -0.00521253
868103, -0.00448051
868132, -0.00517119
868163, -0.00442007
868195, -0.00519766
868224, -0.00444119
868254, -0.00519433
868285, -0.00448759
868316, -0.00520248
868347, -0.00444142
868377, -0.0051938
868407, -0.00442899
868441, -0.0052161
868472, -0.00445957
868502, -0.0052214
868532, -0.00445195
868562, -0.00518945
868613, -0.00443869
868664, -0.00519392
868716, -0.00445576
868747, -0.00513217
868795, -0.00443708
868842, -0.00516905
868895, -0.0044532
868928, -0.00519641
868958, -0.00448967
868989, -0.00519522
869019, -0.00445154
869049, -0.00519499
869079, -0.00442768
869109, -0.00519748
869139, -0.00446105
869172, -0.00519873
869201, -0.00444916
869233, -0.00522336
869263, -0.0044535
869295, -0.00521212
869325, -0.00449133
869356, -0.00518922
869387, -0.00445606
869418, -0.00520076
869451, -0.00445939
869481, -0.00518446
869513, -0.00444089
869543, -0.00520427
869573, -0.00443786
869603, -0.00518505
869656, -0.00442911
869705, -0.00522057
869754, -0.00445641
869785, -0.00518886
869834, -0.00444773
869882, -0.0051891
869933, -0.00443536
869964, -0.00519255
869995, -0.00446819
870029, -0.00521075
870061, -0.00444357
870093, -0.00519356
870126, -0.00442733
870157, -0.00522158
870188, -0.00448217
870219, -0.00522556
870250, -0.00445868
870282, -0.00518898
870312, -0.00444529
870343, -0.00516566
870375, -0.00445683
870405, -0.00523175
870436, -0.00443934
870467, -0.00517512
870497, -0.00442584
870529, -0.00516251
870560, -0.00448027
870591, -0.00519772
870621, -0.00444345
870652, -0.00516417
870703, -0.00445166
870750, -0.00521801
870797, -0.0044469
870827, -0.00521194
870877, -0.00445873
870928, -0.00520885
870977, -0.00447676
871008, -0.00517684
871038, -0.00448164
871069, -0.00521331
871098, -0.00447158
871127, -0.00518636
871157, -0.00443
871204, -0.00518214
871235, -0.00444505
871267, -0.0051907
871296, -0.00445011
871326, -0.00518731
871356, -0.00444529
871387, -0.00519231
871417, -0.0044516
871446, -0.00524912
871476, -0.00441805
871505, -0.00518874
871535, -0.0044538
871563, -0.00521563
871593, -0.00443203
871622, -0.00517369
871649, -0.00445172
871698, -0.00520153
871745, -0.00443333
871792, -0.00519588
871843, -0.00442435
871872, -0.0051929
871916, -0.00445647
871962, -0.00520486
872012, -0.00445671
872043, -0.00520552
872072, -0.0044582
872101, -0.00522848
872130, -0.00444285
872158, -0.00520129
872188, -0.00441733
872238, -0.00519284
872269, -0.00444202
872298, -0.00518154
872328, -0.00446635
872357, -0.00516929
872386, -0.00442459
872434, -0.00520165
872464, -0.00442792
872494, -0.00522033
872524, -0.00446439
872555, -0.00519338
872586, -0.00440799
872616, -0.00518071
872648, -0.00445195
872682, -0.00520236
872712, -0.00441787
872742, -0.0052054
872791, -0.00443554
872838, -0.00518975
872884, -0.00442548
872915, -0.0052007
872963, -0.00444499
872994, -0.00521557
873046, -0.00442548
873076, -0.00520772
873110, -0.00444481
873140, -0.00523698
873170, -0.00447402
873200, -0.00521866
873231, -0.00442429
873279, -0.00519201
873310, -0.00443435
873342, -0.00520468
873374, -0.0044679
873404, -0.00520647
873437, -0.0044165
873469, -0.00519017
873500, -0.00445195
873529, -0.00522509
873559, -0.00443952
873591, -0.00519814
873621, -0.00444458
873655, -0.00522848
873686, -0.00442715
873718, -0.0052139
873750, -0.00440912
873782, -0.00519862
873832, -0.004451
873879, -0.00521146
873928, -0.00443274
873960, -0.0052189
874007, -0.00443417
874038, -0.00522223
874088, -0.00443232
874123, -0.00520849
874154, -0.00438914
874184, -0.00520795
874214, -0.0044438
874245, -0.0052026
874275, -0.0044353
874324, -0.00518571
874355, -0.00446427
874385, -0.00524299
874415, -0.00442221
874445, -0.00520052
874474, -0.00441341
874503, -0.00518797
874535, -0.00442923
874564, -0.00519403
874594, -0.00443768
874623, -0.00522497
874653, -0.00444493
874700, -0.00520385
874730, -0.00441924
874762, -0.00522461
874791, -0.00442025
874820, -0.00521628
874867, -0.00441686
874915, -0.00520028
874965, -0.00444838
874993, -0.00520563
875041, -0.00444589
875070, -0.00520385
875117, -0.00442899
875164, -0.0052051
875193, -0.00442037
875224, -0.00521949
875255, -0.00442197
875287, -0.00520016
875318, -0.00443857
875368, -0.00523216
875399, -0.00445546
875430, -0.00520314
875462, -0.0044284
875494, -0.00522747
875526, -0.00442316
875557, -0.00519534
875589, -0.00442679
875621, -0.00520676
875653, -0.00443072
875685, -0.00522538
875720, -0.00441864
875752, -0.00523871
875784, -0.00441489
875816, -0.0052399
875848, -0.00443155
875880, -0.00520337
875911, -0.0044353
875962, -0.00521961
