Время (мс),Сигнал (В) 
903531, -0.0299789
903541, -0.0289526
903551, -0.0302906
903561, -0.0292742
903571, -0.0303034
903581, -0.0291435
903591, -0.0300403
903601, -0.0288913
903611, -0.0301718
903621, -0.0291023
903631, -0.0301873
903641, -0.0290931
903651, -0.0299395
903661, -0.0289734
903671, -0.0300228
903681, -0.029029
903691, -0.0300862
903701, -0.0290913
903712, -0.0300465
903724, -0.0290977
903737, -0.0301717
903750, -0.0293094
903765, -0.0304678
903780, -0.0291389
903793, -0.0301764
903807, -0.0290535
903822, -0.0301079
903838, -0.0288902
903854, -0.0299311
903870, -0.0288996
903886, -0.0299451
903908, -0.0290301
903932, -0.0301719
903960, -0.0292204
903988, -0.0303489
904017, -0.0292126
904049, -0.0302529
904084, -0.0292006
904120, -0.0301196
904159, -0.0291141
904198, -0.030147
904239, -0.0290628
904281, -0.0300224
904327, -0.028915
904371, -0.0300399
904417, -0.0291572
904463, -0.0302118
904515, -0.0289379
904563, -0.029828
904610, -0.028878
904656, -0.0301507
904696, -0.0293572
904731, -0.0304232
904762, -0.0293938
904792, -0.0303505
904819, -0.029094
904847, -0.0300825
904872, -0.0289526
904892, -0.030124
904912, -0.029054
904933, -0.0298725
904953, -0.0289002
904977, -0.0299064
905002, -0.0290413
905028, -0.0302467
905054, -0.0292079
905079, -0.0303422
905105, -0.029137
905131, -0.0300915
905158, -0.0292244
905186, -0.0302871
905213, -0.0292091
905240, -0.0301357
905267, -0.0290053
905296, -0.0299998
905325, -0.029021
905356, -0.0300393
905386, -0.0289499
905417, -0.0299281
905451, -0.0287674
905485, -0.0299087
905516, -0.0289962
905544, -0.0303386
905575, -0.0293366
905607, -0.0303733
905639, -0.0291458
905672, -0.0302357
905706, -0.0292759
905739, -0.0302626
905772, -0.0291109
905808, -0.029786
905842, -0.0287641
905876, -0.0297212
905911, -0.0288785
905942, -0.0301783
905973, -0.0290271
906006, -0.0299402
906035, -0.0289695
906066, -0.0299817
906094, -0.0291404
906122, -0.0304116
906153, -0.0292585
906180, -0.0301968
906208, -0.0290736
906246, -0.030173
906276, -0.029199
906304, -0.0301631
906330, -0.0291501
906356, -0.0301187
906384, -0.028831
906412, -0.0297781
906440, -0.0288566
906466, -0.029912
906493, -0.0290551
906519, -0.0300514
906544, -0.029028
906573, -0.0301468
906601, -0.0292978
906627, -0.0304444
906655, -0.0292537
906683, -0.0303418
906709, -0.0290896
906736, -0.03001
906766, -0.0289163
906795, -0.0300176
906827, -0.0290149
906857, -0.0299167
906887, -0.028942
906921, -0.029883
906955, -0.0291672
906988, -0.0303214
907020, -0.0293029
907052, -0.0302649
907083, -0.0291129
907114, -0.0300188
907146, -0.0290388
907178, -0.0301824
907210, -0.0292366
907241, -0.0303033
907273, -0.0290144
907305, -0.0300458
907335, -0.0290127
907365, -0.0300805
907399, -0.029
907429, -0.0299943
907460, -0.0288543
907491, -0.0298778
907523, -0.0289836
907552, -0.0301193
907581, -0.0292728
907609, -0.0304188
907639, -0.0291533
907669, -0.0300885
907699, -0.0291539
907729, -0.0302923
907759, -0.0293116
907789, -0.0301357
907818, -0.0289083
907846, -0.0298242
907875, -0.0287726
907904, -0.0299058
907930, -0.0291075
907957, -0.0300847
907984, -0.029046
908014, -0.0299917
908043, -0.0289914
908074, -0.0302426
908104, -0.0293163
908133, -0.0303209
908164, -0.0291432
908194, -0.0299441
908222, -0.0290123
908251, -0.0301225
908281, -0.0290655
908312, -0.0302327
908342, -0.0289692
908371, -0.0298391
908400, -0.028786
908430, -0.0299525
908457, -0.0291699
908488, -0.030386
908519, -0.0291561
908554, -0.0301961
908583, -0.0291487
908613, -0.0301611
908644, -0.029315
908674, -0.0303255
908703, -0.0290209
908732, -0.0299215
908762, -0.0289346
908793, -0.0301086
908823, -0.028991
908854, -0.0298945
908885, -0.028986
908917, -0.0299046
908948, -0.0289962
908980, -0.0300541
909011, -0.0290637
909042, -0.0303165
909075, -0.0291786
909105, -0.0300477
909135, -0.0290553
909165, -0.0301881
909195, -0.0292285
909225, -0.0302551
909255, -0.0291477
909285, -0.0299267
909315, -0.0288289
909344, -0.0299855
909375, -0.0290285
909404, -0.0299916
909433, -0.0288661
909465, -0.0299633
909495, -0.0290592
909525, -0.0302426
909558, -0.0292515
909591, -0.0303272
909624, -0.0292984
909656, -0.0301412
909688, -0.0290244
909720, -0.0299503
909752, -0.0289486
909786, -0.0302052
909819, -0.0291846
909852, -0.0299343
909886, -0.0287854
909918, -0.0299369
909949, -0.029083
909979, -0.0303706
910012, -0.0292542
910042, -0.0301686
910073, -0.0290338
910103, -0.0300019
910133, -0.029148
910163, -0.0302648
910193, -0.0291674
910223, -0.0301169
910256, -0.0289488
910285, -0.0299984
910315, -0.0291081
910346, -0.0302002
910375, -0.0291535
910406, -0.0299601
910435, -0.0289679
910464, -0.0299774
910495, -0.0290142
910525, -0.0302649
910555, -0.0293118
910585, -0.0302482
910615, -0.0290535
910656, -0.0301247
910689, -0.0291377
910720, -0.0302305
910751, -0.0292499
910781, -0.0300522
910811, -0.0288171
910841, -0.0296985
910870, -0.0287851
910901, -0.0301787
910931, -0.0290951
910961, -0.0300937
910991, -0.029094
911021, -0.0301327
911056, -0.0292128
911089, -0.0304059
911124, -0.029169
911154, -0.0301098
911186, -0.0291174
911215, -0.0300619
911245, -0.0290689
911279, -0.0300679
911309, -0.0291469
911339, -0.0300233
911368, -0.0289817
911397, -0.0298467
911428, -0.028946
911457, -0.0301991
911485, -0.0292438
911515, -0.0301563
911545, -0.0290228
911575, -0.030096
911605, -0.0290803
911635, -0.0302338
911666, -0.0293019
911695, -0.0303818
911724, -0.0291121
911753, -0.0298317
911782, -0.0289265
911810, -0.0300927
911840, -0.0290574
911871, -0.0300882
911901, -0.0289736
911938, -0.0299294
911972, -0.0290718
912006, -0.0301251
912046, -0.0292021
912079, -0.0302834
912112, -0.0292081
912145, -0.0301773
912179, -0.0290586
912214, -0.030238
912248, -0.0290997
912281, -0.0301509
912318, -0.0289288
912361, -0.0298104
912395, -0.0288755
912427, -0.0299496
912459, -0.028999
912488, -0.0300845
912518, -0.0290174
912548, -0.0300417
912577, -0.0291243
912607, -0.0303116
912637, -0.0292962
912666, -0.0302729
912696, -0.0291282
912726, -0.0301887
912759, -0.0291381
912793, -0.0301108
912826, -0.029021
912861, -0.0300216
912898, -0.0289241
912933, -0.0297503
912966, -0.0288892
912998, -0.0300287
913030, -0.0291787
913062, -0.030309
913095, -0.0291192
913127, -0.0300744
913161, -0.0290777
913193, -0.0301478
913226, -0.0292812
913256, -0.0303195
913288, -0.0292926
913317, -0.0300732
913349, -0.0289497
913380, -0.0300086
913413, -0.02905
913447, -0.0299337
913480, -0.0289854
913514, -0.0299407
913547, -0.0289261
913579, -0.0300032
913610, -0.0290824
913641, -0.0302105
913673, -0.0292047
913705, -0.0302088
913737, -0.0291918
913769, -0.0302621
913801, -0.0292653
913833, -0.030145
913864, -0.0290817
913897, -0.0302182
913929, -0.0289029
913963, -0.0297885
913996, -0.0288884
914030, -0.0300037
914064, -0.0289158
914095, -0.0299135
914129, -0.0290104
914160, -0.0300829
914194, -0.029239
914225, -0.0302799
914257, -0.0292432
914288, -0.0302869
914323, -0.0292047
914357, -0.0302616
914391, -0.0291715
914425, -0.0300868
914459, -0.029017
914493, -0.0299447
914528, -0.0288347
914563, -0.0299133
914595, -0.0288958
914628, -0.0299308
914660, -0.0288775
914692, -0.0300558
914725, -0.0290993
914757, -0.0302114
914790, -0.0292007
914822, -0.0302798
914855, -0.0293198
914888, -0.030268
914921, -0.0290925
914952, -0.0300897
914982, -0.0290306
915014, -0.030125
915047, -0.0291365
915079, -0.0299898
915111, -0.0290422
915144, -0.0299608
915176, -0.029008
915208, -0.0301037
915241, -0.0291365
915274, -0.0300045
915307, -0.0290091
915339, -0.029998
915373, -0.0290663
915405, -0.0302413
915439, -0.0292089
915472, -0.0303099
915506, -0.0291448
915538, -0.0303068
915570, -0.0291181
915604, -0.0299039
915638, -0.0288955
915672, -0.0298864
915707, -0.0289003
915741, -0.0297787
915774, -0.0290331
915807, -0.0300633
915839, -0.0290811
915871, -0.0303574
915905, -0.0292379
915936, -0.0302326
915967, -0.0291561
915998, -0.0300894
916029, -0.0291055
916061, -0.0300286
916091, -0.0290266
916121, -0.0300861
916151, -0.0291243
916181, -0.0300105
916211, -0.0290017
916242, -0.0298892
916273, -0.0287906
916307, -0.0300758
916335, -0.0290413
916364, -0.0301695
916395, -0.0290671
916424, -0.030136
916454, -0.0292725
916484, -0.03024
916513, -0.0291864
916541, -0.0301757
916570, -0.0290724
916600, -0.0300471
916630, -0.0290323
916659, -0.0299607
916689, -0.0290085
916720, -0.0298922
916749, -0.0289855
916779, -0.0301155
916810, -0.0289823
916840, -0.0299615
916871, -0.0289657
916905, -0.0301056
916937, -0.0292057
916972, -0.03024
917006, -0.0292847
917040, -0.0301719
917073, -0.0290786
917107, -0.0301409
917142, -0.0290995
917176, -0.0300257
917209, -0.02904
917243, -0.0300322
917276, -0.0290098
917310, -0.0300269
917353, -0.0290091
917395, -0.0300262
917437, -0.0291674
917478, -0.0302598
917517, -0.0291696
917555, -0.0301636
917592, -0.0291353
917628, -0.0302099
917665, -0.0291853
917700, -0.0300925
917734, -0.0290889
917770, -0.0299986
917806, -0.0289352
917842, -0.0299295
917867, -0.0289795
917902, -0.0300161
917936, -0.0291376
917970, -0.0301639
918003, -0.0291962
918038, -0.0301714
918072, -0.0292165
918107, -0.0300793
918142, -0.0290762
918178, -0.0301793
918200, -0.0290564
918236, -0.0299555
918270, -0.0290083
918305, -0.02995
918341, -0.029075
918375, -0.0301166
918409, -0.0290993
918445, -0.0301363
918479, -0.0291336
918513, -0.0300998
918552, -0.0291338
918591, -0.030018
918629, -0.0290655
918664, -0.0301203
918704, -0.0291176
918741, -0.0302036
918777, -0.0292796
918812, -0.0301253
918845, -0.0290054
918883, -0.030046
918921, -0.0289186
918960, -0.0298167
918995, -0.028912
919028, -0.0300911
919062, -0.0291269
919096, -0.0301177
919131, -0.0291727
919166, -0.0302115
919198, -0.029259
919230, -0.0302579
919261, -0.0290597
919292, -0.0301015
919323, -0.0290625
919354, -0.0300724
919384, -0.0289222
919414, -0.0299209
919445, -0.0289903
919478, -0.0299264
919513, -0.0288007
919548, -0.0299794
919577, -0.0291884
919609, -0.0303683
919639, -0.0292281
919666, -0.0300262
919692, -0.0290755
919721, -0.0302232
919749, -0.0292949
919776, -0.0301918
919805, -0.0291098
919835, -0.030076
919864, -0.0289163
919893, -0.0298578
919924, -0.029002
919954, -0.0300575
919982, -0.0289555
920014, -0.0298644
920044, -0.0288843
920073, -0.030004
920102, -0.0290845
920131, -0.0302081
920162, -0.0291995
920194, -0.0301992
920225, -0.029145
920257, -0.030065
920289, -0.0291608
920320, -0.0302922
920352, -0.0292133
920383, -0.029986
920415, -0.0288751
920444, -0.0299994
920476, -0.0290059
920508, -0.0299995
