Время (мс),Сигнал (В) 
62718, -0.00270867
62728, -0.0036207
62738, -0.00271646
62748, -0.00361315
62758, -0.00269981
62768, -0.00361475
62778, -0.0027026
62788, -0.00362284
62799, -0.00270528
62809, -0.00361969
62819, -0.00270825
62829, -0.00362516
62839, -0.00269969
62849, -0.0036251
62859, -0.00270076
62870, -0.00363171
62881, -0.00270165
62895, -0.00362814
62915, -0.00269124
62935, -0.00364116
62957, -0.00268743
62981, -0.00363748
63004, -0.00269594
63032, -0.00364039
63058, -0.00269695
63087, -0.00364325
63115, -0.00269695
63145, -0.00364562
63177, -0.00268261
63209, -0.00364241
63242, -0.00268577
63291, -0.00364295
63349, -0.00268844
63411, -0.00364438
63476, -0.00268416
63544, -0.00364949
63615, -0.00267548
63698, -0.00364717
63782, -0.00267708
63847, -0.00365157
63881, -0.00267946
63913, -0.00365068
63945, -0.00268035
63978, -0.00364753
64008, -0.00266887
64039, -0.00365151
64068, -0.00267583
64098, -0.00365217
64128, -0.0026615
64158, -0.00366067
64187, -0.00266185
64219, -0.00365324
64249, -0.00267661
64278, -0.00365776
64310, -0.00266762
64340, -0.0036652
64372, -0.00265733
64403, -0.00367049
64435, -0.00265608
64469, -0.00367959
64501, -0.002659
64535, -0.0036696
64569, -0.00266923
64602, -0.0036712
64636, -0.00265412
64670, -0.00367025
64724, -0.00267
64773, -0.00366995
64838, -0.00265127
64902, -0.00367394
64953, -0.00265793
64988, -0.00368655
65023, -0.00265299
65057, -0.00368054
65091, -0.00266941
65125, -0.00368179
65162, -0.00266209
65195, -0.00367674
65229, -0.002654
65263, -0.00367549
65297, -0.00265049
65330, -0.00369512
65363, -0.00264698
65397, -0.00368988
65430, -0.00264841
65464, -0.00369779
65497, -0.00265495
65530, -0.00367614
65563, -0.00264889
65597, -0.00368518
65630, -0.00265489
65663, -0.00368459
65697, -0.00264704
65733, -0.0037019
65766, -0.00266304
65802, -0.00368667
65836, -0.00265918
65890, -0.00368132
65943, -0.00265109
65996, -0.00368518
66031, -0.00264984
66068, -0.00367977
66105, -0.00264347
66140, -0.00368417
66175, -0.00265085
66210, -0.00368007
66246, -0.00264092
66282, -0.00368881
66317, -0.00264264
66352, -0.00369381
66387, -0.00266239
66422, -0.0036919
66458, -0.00265335
66493, -0.00369256
66529, -0.00265037
66564, -0.00368828
66598, -0.00265644
66631, -0.00368976
66664, -0.00265186
66697, -0.00369184
66731, -0.0026634
66768, -0.00368132
66802, -0.00266221
66837, -0.00367793
66871, -0.00265769
66906, -0.00369089
66940, -0.00265174
66994, -0.00368494
67044, -0.00264829
67079, -0.00369827
67116, -0.00265638
67151, -0.00367733
67185, -0.00265359
67222, -0.00368584
67256, -0.00264651
67298, -0.00368536
67333, -0.00265614
67367, -0.00369184
67402, -0.00264722
67437, -0.00368066
67472, -0.00265662
67507, -0.00367816
67544, -0.00265335
67582, -0.00367382
67617, -0.0026562
67652, -0.00368911
67687, -0.00264573
67724, -0.00365931
67761, -0.00267107
67798, -0.00367471
67833, -0.00267238
67869, -0.00368084
67904, -0.00266275
67940, -0.00366918
67975, -0.00266322
68010, -0.0036671
68046, -0.00265698
68080, -0.00365841
68113, -0.00266864
68163, -0.00365312
68198, -0.00266263
68231, -0.00366282
68268, -0.00266144
68302, -0.00365984
68337, -0.00266834
68370, -0.0036643
68404, -0.00265281
68437, -0.00364872
68488, -0.00266632
68521, -0.00366115
68554, -0.00266084
68588, -0.00365865
68621, -0.00266596
68655, -0.00366585
68688, -0.00266626
68722, -0.00365473
68776, -0.00267964
68810, -0.00365728
68845, -0.00268208
68879, -0.00364521
68912, -0.00267357
68946, -0.00364902
68983, -0.00269195
69018, -0.00365294
69055, -0.00269427
69090, -0.00365223
69124, -0.00268636
69159, -0.00363813
69211, -0.00269885
69245, -0.0036414
69279, -0.00269386
69318, -0.00364265
69353, -0.00269124
69388, -0.00364152
69424, -0.00269963
69460, -0.00363878
69494, -0.00271057
69527, -0.00362885
69561, -0.00271105
69596, -0.00364229
69630, -0.00272152
69663, -0.00363771
69696, -0.00270944
69729, -0.00362671
69763, -0.00270462
69814, -0.00362153
69848, -0.00271735
69881, -0.00362653
69916, -0.00270409
69950, -0.00361071
69984, -0.00271563
70018, -0.00361089
70070, -0.00271515
70103, -0.00361184
70138, -0.00272086
70172, -0.00361588
70206, -0.00271908
70257, -0.0036072
70290, -0.00271807
70324, -0.00360684
70359, -0.00272086
70393, -0.00360268
70426, -0.00272033
70460, -0.00361297
70512, -0.00272449
70545, -0.00360404
70579, -0.00272467
70612, -0.00359268
70645, -0.00273919
70679, -0.00358162
70714, -0.0027377
70749, -0.00359584
70782, -0.00272765
70816, -0.00358441
70851, -0.00272872
70885, -0.00357478
70919, -0.00273704
70954, -0.0035724
70989, -0.00273627
71022, -0.00358138
71057, -0.00275786
71108, -0.00355426
71142, -0.00274424
71178, -0.00356609
71211, -0.00275816
71246, -0.00356104
71295, -0.00276227
71331, -0.00356151
71363, -0.00277202
71396, -0.00354141
71428, -0.00275418
71460, -0.00354765
71506, -0.0027744
71556, -0.00355997
71589, -0.00276441
71622, -0.00355408
71655, -0.00277815
71687, -0.00354557
71719, -0.0027722
71751, -0.0035423
71782, -0.00278856
71831, -0.00352987
71863, -0.00278713
71896, -0.00352737
71927, -0.00278886
71959, -0.00353522
71990, -0.00277851
72023, -0.0035166
72054, -0.00279314
72104, -0.00352059
72153, -0.0027904
72185, -0.00352332
72217, -0.00279903
72249, -0.00351095
72281, -0.00279695
72331, -0.00350988
72380, -0.0028114
72412, -0.00349923
72442, -0.00281461
72474, -0.00351452
72506, -0.0028095
72556, -0.00350143
72605, -0.0028158
72637, -0.0034884
72669, -0.00281592
72700, -0.00349072
72731, -0.0028161
72763, -0.00349709
72794, -0.00283508
72826, -0.00349745
72873, -0.00282645
