Время (мс)Сигнал (В) 
1089656 -0.0238671
1089666 -0.0250852
1089676 -0.0240015
1089686 -0.025114
1089696 -0.0239952
1089706 -0.0250396
1089716 -0.0239084
1089726 -0.0251142
1089736 -0.0240539
1089746 -0.0252345
1089756 -0.0241547
1089766 -0.0251391
1089776 -0.0239407
1089786 -0.0251034
1089796 -0.024051
1089806 -0.0251269
1089816 -0.023946
1089828 -0.0249232
1089844 -0.0238591
1089863 -0.0250922
1089883 -0.0240616
1089905 -0.0252027
1089928 -0.0241103
1089951 -0.0250509
1089975 -0.0238601
1090000 -0.0250982
1090026 -0.024072
1090052 -0.0251795
1090079 -0.0239673
1090107 -0.0250811
1090139 -0.02394
1090182 -0.0252029
1090236 -0.0240262
1090291 -0.0251839
1090347 -0.0239772
1090406 -0.0250766
1090470 -0.0239977
1090542 -0.0250947
1090619 -0.0240682
1090699 -0.025218
1090764 -0.024003
1090810 -0.0250991
1090835 -0.0238093
1090858 -0.0251296
1090880 -0.024094
1090903 -0.0252664
1090925 -0.0240967
1090947 -0.0250149
1090967 -0.0238306
1090987 -0.0250276
1091009 -0.023959
1091030 -0.0252289
1091051 -0.0239388
1091075 -0.0250567
1091097 -0.023772
1091119 -0.0250697
1091140 -0.0241839
1091164 -0.0253049
1091185 -0.0241864
1091206 -0.0252434
1091228 -0.0239141
1091264 -0.0251346
1091299 -0.0238858
1091334 -0.0250876
1091371 -0.0238459
1091408 -0.0249994
1091448 -0.0238587
1091486 -0.0250788
1091525 -0.0239681
1091564 -0.0252148
1091605 -0.0241093
1091646 -0.0252416
1091687 -0.0240735
1091733 -0.0251276
1091776 -0.0240332
1091819 -0.025183
1091865 -0.0240407
1091905 -0.0251399
1091945 -0.023939
1091986 -0.0251135
1092024 -0.0239988
1092062 -0.0252816
1092095 -0.0239412
1092129 -0.0250226
1092151 -0.0237922
1092178 -0.0250374
1092201 -0.0239685
1092227 -0.0251324
1092254 -0.0239296
1092281 -0.0252391
1092305 -0.0239855
1092329 -0.0250887
1092367 -0.0240815
1092405 -0.0253706
1092445 -0.0240929
1092480 -0.0251559
1092515 -0.02384
1092551 -0.0249592
1092585 -0.0239053
1092620 -0.0251058
1092653 -0.0240496
1092689 -0.0252371
1092725 -0.0238248
1092762 -0.0249694
1092802 -0.0239848
1092839 -0.0253121
1092876 -0.024147
1092915 -0.0253432
1092951 -0.0240672
1092988 -0.0251688
1093024 -0.0239998
1093061 -0.0252318
1093099 -0.0239782
1093136 -0.0251196
1093173 -0.0239212
1093211 -0.0250503
1093246 -0.0237475
1093280 -0.0251472
1093313 -0.0239399
1093336 -0.0250942
1093360 -0.0238122
1093392 -0.0251297
1093425 -0.0239984
1093457 -0.0253686
1093490 -0.0240206
1093521 -0.0252807
1093554 -0.0240089
1093589 -0.0251552
1093622 -0.024002
1093655 -0.0252155
1093687 -0.0240016
1093724 -0.0251997
1093762 -0.0238725
1093799 -0.0249595
1093835 -0.02383
1093881 -0.0252418
1093916 -0.0240824
1093966 -0.0251753
1094002 -0.0239231
1094037 -0.0251609
1094073 -0.0239457
1094110 -0.0253822
1094147 -0.0241059
1094182 -0.0252688
1094216 -0.0239547
1094250 -0.0251399
1094285 -0.0238478
1094322 -0.0250769
1094360 -0.0240456
1094396 -0.0251819
1094422 -0.0239709
1094459 -0.0251124
1094483 -0.0238408
1094517 -0.0250848
1094554 -0.0238735
1094591 -0.0251803
1094615 -0.0239331
1094651 -0.0251357
1094689 -0.024003
1094717 -0.0253695
1094755 -0.0240943
1094794 -0.0253021
1094830 -0.0239681
1094864 -0.0250888
1094906 -0.0238133
1094945 -0.0251701
1094980 -0.0239593
1095019 -0.0251754
1095057 -0.0238748
1095095 -0.0250769
1095129 -0.0238607
1095170 -0.0252635
1095211 -0.0239976
1095248 -0.0252048
1095285 -0.0240413
1095325 -0.0251937
1095351 -0.0239173
1095392 -0.0250632
1095429 -0.0239864
1095456 -0.0253019
1095493 -0.0240021
1095518 -0.0252165
1095544 -0.023924
1095582 -0.0252001
1095620 -0.0240102
1095647 -0.0251469
1095683 -0.0238731
1095719 -0.0249414
1095743 -0.0237261
1095782 -0.0251803
1095820 -0.0240464
1095858 -0.025314
1095895 -0.0240121
1095934 -0.0253249
1095969 -0.0239132
1096004 -0.0252554
1096042 -0.0240265
1096078 -0.025141
1096118 -0.0238926
1096155 -0.0252314
1096192 -0.0237951
1096227 -0.0251198
1096261 -0.0239679
1096298 -0.0253789
1096335 -0.023986
1096371 -0.0251697
1096407 -0.0239268
1096443 -0.025309
1096479 -0.024029
1096515 -0.0252868
1096550 -0.023923
1096574 -0.0250912
1096609 -0.0237525
1096646 -0.0251475
1096683 -0.0239976
1096719 -0.0252067
1096760 -0.0239096
1096784 -0.0252336
1096812 -0.0239276
1096847 -0.0253022
1096886 -0.0240645
1096925 -0.0252441
1096963 -0.023938
1097002 -0.0252286
1097046 -0.0238044
1097073 -0.0250419
1097110 -0.0238988
1097149 -0.0252479
1097188 -0.023982
1097227 -0.0251115
1097267 -0.0239196
1097292 -0.0252809
1097329 -0.02399
1097369 -0.0252857
1097409 -0.0238973
1097437 -0.0251562
1097475 -0.0238761
1097515 -0.0252029
1097558 -0.023957
1097588 -0.025354
1097621 -0.0241212
1097650 -0.0251785
1097676 -0.0238764
1097717 -0.0251447
1097758 -0.0239237
1097798 -0.025111
1097824 -0.0238522
1097851 -0.0250629
1097877 -0.0238714
1097914 -0.0251598
1097955 -0.0239952
1097997 -0.0253648
1098037 -0.0241493
1098075 -0.0253845
1098102 -0.0240343
1098142 -0.0252349
1098181 -0.0239626
1098221 -0.0252207
1098261 -0.0239786
1098300 -0.0250839
1098327 -0.0238455
1098368 -0.0251002
1098406 -0.023942
1098450 -0.02523
1098477 -0.0239754
1098502 -0.0252006
1098544 -0.0239719
1098584 -0.0252603
1098622 -0.0239835
1098648 -0.0253109
1098687 -0.0239479
1098712 -0.0252548
1098751 -0.0238982
1098790 -0.0252069
1098831 -0.0239548
1098856 -0.0252052
1098881 -0.0238353
1098907 -0.0250852
1098944 -0.0238344
1098983 -0.0251659
1099020 -0.0238678
1099058 -0.0252526
1099100 -0.0238822
1099142 -0.0252819
1099188 -0.0239917
1099218 -0.0253448
1099259 -0.0240522
1099303 -0.0253811
1099331 -0.0240005
1099362 -0.0253004
1099403 -0.023925
1099445 -0.0251324
1099486 -0.0238713
1099514 -0.0252149
1099541 -0.0238077
1099584 -0.0251507
1099627 -0.0236806
1099654 -0.0251367
1099678 -0.0239467
1099714 -0.0253043
1099737 -0.0239554
1099772 -0.0253608
1099807 -0.0240043
1099845 -0.0253774
1099882 -0.0240743
1099906 -0.0252642
1099943 -0.023888
1099981 -0.025082
1100019 -0.02386
1100057 -0.0251807
1100096 -0.0239134
1100135 -0.0252121
1100172 -0.0239513
1100208 -0.0251747
1100244 -0.0238142
1100281 -0.0251023
1100318 -0.023956
1100355 -0.0253326
1100392 -0.0240648
1100429 -0.0252205
1100466 -0.0239369
1100504 -0.0253244
1100541 -0.0239914
1100578 -0.0252388
1100617 -0.0239293
1100656 -0.0251145
1100682 -0.0237914
1100708 -0.025109
1100748 -0.023915
1100774 -0.0252507
1100800 -0.023889
1100838 -0.025166
1100875 -0.0240374
1100916 -0.0253874
1100942 -0.0240271
1100982 -0.0252813
1101006 -0.0239812
1101046 -0.0253775
1101085 -0.023958
1101125 -0.0252556
1101163 -0.024082
1101203 -0.0252541
1101240 -0.0239004
1101283 -0.0250675
1101309 -0.0237016
1101348 -0.0251211
1101386 -0.023852
1101423 -0.0251675
1101460 -0.0238362
1101499 -0.0252587
1101536 -0.024039
1101573 -0.0253566
1101610 -0.0240564
1101646 -0.0254068
1101683 -0.0239998
1101707 -0.0251682
1101743 -0.0238008
1101779 -0.0251939
1101804 -0.0239601
1101826 -0.0251886
1101865 -0.0237505
1101901 -0.0250839
1101938 -0.0238886
1101976 -0.0252218
1102012 -0.0238682
1102035 -0.0253606
1102072 -0.0240565
1102109 -0.0252858
1102145 -0.0239264
1102182 -0.0252416
1102219 -0.0240584
1102258 -0.0253726
1102295 -0.0239547
1102332 -0.0251869
1102370 -0.0238393
1102410 -0.0250409
1102448 -0.0239508
1102487 -0.025256
1102525 -0.0239201
1102563 -0.0252641
1102599 -0.0238877
1102636 -0.0252017
1102672 -0.0240553
1102710 -0.0253321
1102735 -0.0240404
1102776 -0.0253406
1102814 -0.0239427
1102840 -0.0253342
1102867 -0.0240086
1102893 -0.0252997
1102934 -0.0238957
1102976 -0.0251184
1103020 -0.0237011
1103048 -0.0249127
1103073 -0.0237314
1103097 -0.0251382
1103133 -0.0238865
1103168 -0.0252484
1103203 -0.0238864
1103238 -0.0253874
1103274 -0.0240686
1103309 -0.0255638
1103343 -0.0241687
1103374 -0.0254017
1103405 -0.0239143
1103437 -0.0251213
1103468 -0.0238773
1103500 -0.0252437
1103531 -0.0237341
1103566 -0.0249356
1103597 -0.0238145
1103630 -0.0251572
1103662 -0.0239415
1103695 -0.0253489
1103727 -0.0240021
1103761 -0.0253427
1103796 -0.0240562
1103828 -0.0252887
1103861 -0.0241115
1103893 -0.0253712
1103925 -0.0240072
1103960 -0.0253097
1103993 -0.0238974
1104026 -0.0252196
1104061 -0.0238556
1104095 -0.025293
1104131 -0.023908
1104167 -0.025044
1104202 -0.0237276
1104237 -0.0250017
1104271 -0.023848
1104305 -0.0253376
1104338 -0.024044
1104373 -0.0253036
1104412 -0.0239877
1104449 -0.0253836
1104489 -0.0240416
1104528 -0.0254573
1104568 -0.0241445
1104601 -0.0253176
1104635 -0.0237893
1104669 -0.0249076
1104704 -0.0237595
1104736 -0.0250697
1104769 -0.0237489
1104803 -0.0250628
1104835 -0.023917
1104868 -0.0251921
1104901 -0.0239331
1104935 -0.0253603
1104969 -0.0241319
1105001 -0.0254334
