Время (мс)Сигнал (В) 
773578 -0.00301038
773588 -0.00260005
773598 -0.00287511
773608 -0.00263289
773618 -0.00293067
773628 -0.00263318
773638 -0.00291437
773648 -0.00280468
773658 -0.00296279
773668 -0.00265079
773678 -0.00292663
773688 -0.00269499
773698 -0.00292324
773708 -0.00261956
773718 -0.00292246
773728 -0.00271623
773738 -0.00290973
773748 -0.00263658
773758 -0.00291818
773768 -0.00264324
773783 -0.0029415
773793 -0.00265698
773803 -0.00291883
773814 -0.0026295
773826 -0.00290664
773838 -0.00261962
773851 -0.00292353
773875 -0.00262932
773894 -0.0029478
773909 -0.00262825
773924 -0.00292918
773941 -0.00262866
773958 -0.00292823
773977 -0.00261897
774002 -0.00290004
774031 -0.00261855
774060 -0.00293091
774089 -0.0026226
774122 -0.00291265
774155 -0.00278261
774190 -0.00302186
774229 -0.00264211
774268 -0.00292502
774308 -0.00266376
774349 -0.00294352
774393 -0.00272158
774439 -0.00293495
774483 -0.00262117
774529 -0.00296386
774579 -0.00264865
774628 -0.00292782
774674 -0.00259577
774721 -0.0029685
774759 -0.00262872
774792 -0.00292353
774824 -0.00262593
774853 -0.00294417
774876 -0.00260588
774901 -0.00296714
774925 -0.00263229
774943 -0.00295577
774962 -0.00264175
774980 -0.00294899
775000 -0.00261433
775025 -0.0029509
775050 -0.00261141
775079 -0.00310865
775106 -0.00262831
775126 -0.00297499
775146 -0.0026201
775168 -0.00295631
775194 -0.00263021
775218 -0.00296416
775245 -0.00262783
775273 -0.00293085
775299 -0.00259172
775328 -0.00294507
775356 -0.00260106
775384 -0.00293817
775414 -0.00262063
775447 -0.00295595
775478 -0.00262688
775510 -0.00295429
775544 -0.00257971
775577 -0.00294364
775613 -0.00264282
775648 -0.00295637
775685 -0.00263479
775720 -0.00297326
775760 -0.00259024
775796 -0.00300586
775835 -0.00258316
775870 -0.00298147
775907 -0.00261177
775940 -0.00297862
775973 -0.0026063
776005 -0.00297481
776037 -0.002564
776069 -0.0029409
776099 -0.00258048
776129 -0.00297719
776171 -0.00261492
776212 -0.00296648
776252 -0.00261355
776290 -0.00298242
776329 -0.00262545
776352 -0.00293252
776389 -0.00260011
776415 -0.00297535
776440 -0.00268583
776474 -0.00297784
776512 -0.00258191
776538 -0.0029459
776574 -0.00257876
776609 -0.00303667
776647 -0.00259696
776681 -0.00298112
776716 -0.00258964
776749 -0.00298415
776784 -0.0025662
776833 -0.00300562
776880 -0.00258042
776902 -0.00300307
776937 -0.00258798
776986 -0.00296339
777009 -0.00255746
777032 -0.00296363
777068 -0.00257394
777102 -0.00300051
777125 -0.00259172
777158 -0.00296404
777192 -0.00259006
777227 -0.00296357
777264 -0.00258702
777299 -0.00297326
777332 -0.00259262
777366 -0.0029857
777401 -0.00261932
777438 -0.00297719
777473 -0.00258952
777509 -0.00297041
777549 -0.002574
777575 -0.00298445
777599 -0.00260386
777637 -0.00297778
777677 -0.00260523
777721 -0.00300527
777752 -0.0025878
777778 -0.00298706
777821 -0.00257465
777864 -0.00305161
777907 -0.00259833
777931 -0.00301788
777969 -0.00257209
778006 -0.00299997
778044 -0.0026126
778067 -0.00299051
778106 -0.00258488
778130 -0.00299902
778154 -0.00256341
778193 -0.0029992
778217 -0.00256388
778256 -0.00299503
778295 -0.00257501
778335 -0.00300907
778359 -0.00257644
778400 -0.00302793
778441 -0.00258815
778466 -0.0030033
778507 -0.00274073
778542 -0.00299569
778578 -0.0025549
778603 -0.00300919
778628 -0.00265942
778663 -0.00299926
778699 -0.00257394
778735 -0.00303721
778770 -0.00257019
778805 -0.00300931
778841 -0.00260475
778877 -0.0029788
778914 -0.00256549
778955 -0.0029942
778995 -0.00257542
779034 -0.00300449
779072 -0.00255121
779098 -0.00305583
779135 -0.00253979
779160 -0.00300592
779188 -0.00258792
779223 -0.0030293
779247 -0.00257626
779283 -0.00314512
779317 -0.00254461
779344 -0.00299575
779370 -0.00258375
779396 -0.0030337
779425 -0.002585
779454 -0.00298391
779482 -0.00256371
779511 -0.00300539
779544 -0.00254764
779577 -0.00304958
779613 -0.00256632
779646 -0.00303888
779680 -0.00254479
779716 -0.0029923
779751 -0.00254128
779787 -0.00302204
779823 -0.00253783
779858 -0.00303251
779894 -0.00265103
779930 -0.00301538
779968 -0.00254979
780005 -0.00303316
780043 -0.00257477
780079 -0.00304482
780115 -0.00253117
780150 -0.00304262
780186 -0.00257751
780223 -0.00305244
780259 -0.00255651
780290 -0.00304262
780320 -0.0025615
780362 -0.00301359
780403 -0.00254657
780432 -0.00313346
780459 -0.00253503
780482 -0.0030196
780517 -0.0025201
780544 -0.00301562
780579 -0.00258411
780602 -0.00306755
780636 -0.00256263
780671 -0.00303525
780705 -0.00254348
780739 -0.00300979
780774 -0.00254181
780810 -0.00305083
780846 -0.00253408
780882 -0.00303334
780915 -0.00250773
780953 -0.00303203
780991 -0.00253004
781028 -0.00300919
781065 -0.0025477
781105 -0.00304072
781142 -0.00253146
781179 -0.0030268
781217 -0.00254217
781255 -0.003061
781293 -0.00255877
781315 -0.00305535
781353 -0.00255502
781393 -0.00303471
781429 -0.00251106
781467 -0.00302287
781490 -0.00250826
781520 -0.00302977
781548 -0.00253182
781579 -0.00332072
781624 -0.00251903
781643 -0.00303269
781661 -0.00253807
781687 -0.00304262
781713 -0.00253462
781739 -0.00306439
781768 -0.0025232
781795 -0.00307588
781823 -0.00254973
781850 -0.00307855
781877 -0.00253938
781906 -0.00304131
781934 -0.00251094
781962 -0.00305755
781991 -0.00252088
782021 -0.00316005
782052 -0.00251409
782083 -0.00306677
782114 -0.00249857
782145 -0.00306071
782175 -0.00256287
782209 -0.00306404
782241 -0.00254455
782273 -0.00305166
782304 -0.00253884
782335 -0.00307921
782370 -0.00254735
782403 -0.0030569
782434 -0.00254354
782466 -0.00305964
782499 -0.00253146
782531 -0.0030293
782562 -0.00252099
782594 -0.00310782
782625 -0.00250428
782672 -0.00311787
782717 -0.00247305
782763 -0.00305053
782804 -0.00260481
782844 -0.00307802
782883 -0.0025317
782918 -0.00305886
782956 -0.00251796
782994 -0.00308753
783018 -0.00251261
783054 -0.00307724
783077 -0.00252546
783118 -0.00305975
783143 -0.00251029
783184 -0.00303727
783209 -0.00249589
783249 -0.00306743
783275 -0.00251076
783301 -0.00344231
783341 -0.00251677
783357 -0.00307796
783379 -0.00251267
783401 -0.0030713
783424 -0.00250422
783447 -0.00307005
783470 -0.00249518
783493 -0.00305702
783517 -0.00251201
783541 -0.0031102
783566 -0.00255597
783590 -0.00308765
783615 -0.00248762
783640 -0.00306761
783666 -0.00251499
783692 -0.00308884
783718 -0.0025176
783744 -0.00308884
783774 -0.00252284
783802 -0.00306749
783833 -0.00247763
783865 -0.00307742
783897 -0.00253468
783929 -0.00312091
783961 -0.00250779
783994 -0.00306939
784027 -0.00252236
784058 -0.00307011
784090 -0.00249381
784123 -0.00307195
784154 -0.00248388
784187 -0.00309896
784219 -0.0025044
784253 -0.00306582
784285 -0.00249762
784318 -0.00307231
784350 -0.00248887
784413 -0.00309491
784472 -0.0025047
784525 -0.0030801
784577 -0.00247442
784621 -0.00307665
784650 -0.00284817
784679 -0.00307225
784708 -0.00248108
784735 -0.0030961
784762 -0.00248768
784790 -0.00309551
784821 -0.00247644
784849 -0.00308355
784879 -0.00249946
784907 -0.00310883
784935 -0.00263336
784963 -0.00308878
784992 -0.00251838
785028 -0.00310217
785059 -0.00248626
785087 -0.00311073
785125 -0.00248441
785154 -0.00310919
785191 -0.00248376
785220 -0.00305779
785249 -0.00247477
785284 -0.00311561
785321 -0.00250874
785349 -0.00309325
785386 -0.00249256
785420 -0.00309866
785457 -0.00250368
785496 -0.00309033
785535 -0.00250184
785574 -0.00326908
785627 -0.00248179
785654 -0.00307225
785688 -0.00247519
785724 -0.00311829
785759 -0.00247299
785796 -0.00325398
785830 -0.00246686
785863 -0.00309949
785896 -0.00251713
785928 -0.00309836
785962 -0.00247382
785997 -0.00311478
786020 -0.00248691
786058 -0.00329788
786099 -0.00249006
786121 -0.00319425
786157 -0.00248233
786178 -0.00308783
786213 -0.00245514
786247 -0.00310895
786283 -0.00246199
786318 -0.00309949
786352 -0.0024505
786374 -0.00312204
786408 -0.00245419
786441 -0.00309194
786478 -0.0024539
786513 -0.0031234
786549 -0.00247876
786586 -0.00311056
786621 -0.002463
786660 -0.00323452
786695 -0.00245883
786730 -0.00311085
786767 -0.00246781
786803 -0.00315493
786839 -0.00247472
786873 -0.00310782
786908 -0.00245604
786944 -0.00311305
786980 -0.00245467
787017 -0.00310925
787053 -0.00244688
787089 -0.00310562
787124 -0.00243004
787149 -0.00316933
787189 -0.00248376
787213 -0.00316754
787254 -0.00249565
