Время (мс)Сигнал (В) 
155890 -0.0016277
155900 -0.000716859
155910 -0.00162163
155920 -0.00071097
155930 -0.0016092
155940 -0.000834105
155950 -0.00160866
155960 -0.000784732
155970 -0.00166607
155980 -0.000707758
155990 -0.00159766
156000 -0.000748803
156010 -0.00160623
156020 -0.000711386
156030 -0.00160878
156040 -0.00081501
156050 -0.00161461
156064 -0.000709899
156081 -0.00165435
156101 -0.00072251
156123 -0.00163502
156148 -0.000713052
156175 -0.00161152
156205 -0.000711148
156236 -0.00162026
156267 -0.000708055
156303 -0.00160825
156337 -0.00071091
156374 -0.00161051
156412 -0.000711446
156452 -0.00199407
156507 -0.000712874
156549 -0.00161705
156592 -0.000698181
156638 -0.00161461
156684 -0.000700738
156736 -0.00161402
156791 -0.000705795
156847 -0.00160426
156900 -0.000708115
156949 -0.00160771
156991 -0.000708472
157027 -0.0016111
157062 -0.000704783
157080 -0.00161652
157099 -0.000701452
157118 -0.00161396
157137 -0.00084047
157157 -0.00161997
157175 -0.000703058
157199 -0.00175119
157222 -0.000704189
157245 -0.00161313
157267 -0.0006983
157301 -0.00163728
157337 -0.000700501
157372 -0.00161414
157406 -0.000705081
157439 -0.00166571
157473 -0.000708591
157506 -0.00162324
157559 -0.000700084
157602 -0.00161705
157645 -0.000721142
157687 -0.00162621
157729 -0.000702523
157778 -0.00162954
157828 -0.000707579
157878 -0.00162157
157928 -0.000806147
157979 -0.00161521
158028 -0.00070169
158070 -0.00161949
158112 -0.000696991
158140 -0.00163621
158166 -0.000715669
158193 -0.00163276
158219 -0.000701809
158246 -0.00162859
158276 -0.000738333
158308 -0.00166726
158339 -0.000701571
158369 -0.00162806
158401 -0.00082084
158432 -0.00161741
158463 -0.000697645
158494 -0.00161777
158525 -0.000705676
158558 -0.00161646
158594 -0.000700857
158627 -0.00160944
158658 -0.000700679
158690 -0.00161985
158722 -0.000692708
158773 -0.00162199
158822 -0.000696931
158872 -0.00163056
158923 -0.000705616
158972 -0.00162288
159020 -0.000701214
159069 -0.00163799
159119 -0.000707341
159151 -0.0016622
159183 -0.000699668
159215 -0.00162366
159247 -0.000695147
159278 -0.0016368
159310 -0.000701928
159341 -0.00168177
159372 -0.000697586
159403 -0.00162068
159435 -0.000706271
159466 -0.00163847
159497 -0.000692946
159530 -0.00166934
159561 -0.00069128
159592 -0.00162282
159624 -0.000692113
159656 -0.00163204
159687 -0.000700382
159720 -0.00171782
159751 -0.000696693
159781 -0.00162693
159813 -0.000695861
159867 -0.00162556
159917 -0.000703058
159967 -0.00162473
160014 -0.000762603
160064 -0.00166535
160112 -0.000697586
160159 -0.00162824
160190 -0.000701631
160221 -0.00163109
160250 -0.000689972
160282 -0.00162568
160313 -0.000698181
160342 -0.00163139
160374 -0.000695028
160404 -0.00163222
160434 -0.000691042
160482 -0.0016249
160512 -0.000690566
160542 -0.00176666
160571 -0.000695147
160601 -0.00162609
160630 -0.000718465
160659 -0.00163805
160688 -0.000699727
160716 -0.00163282
160762 -0.000691102
160790 -0.00163341
160818 -0.000812036
160848 -0.00163989
160895 -0.000683785
160940 -0.0016365
160985 -0.000683964
161028 -0.00169105
161073 -0.000702702
161118 -0.00165185
161161 -0.000697348
161208 -0.00164156
161254 -0.000700738
161283 -0.00164733
161310 -0.000688484
161357 -0.00165643
161385 -0.000694493
161414 -0.00163508
161442 -0.000695325
161470 -0.00163847
161513 -0.000687176
161545 -0.00163763
161573 -0.000694968
161605 -0.00163252
161640 -0.00072483
161672 -0.00163317
161705 -0.000685927
161739 -0.00164894
161772 -0.000688603
161803 -0.00165096
161837 -0.00069711
161869 -0.00163335
161902 -0.000699965
161934 -0.00164085
161984 -0.000691399
162036 -0.00174596
162067 -0.000687414
162114 -0.00163549
162163 -0.000688128
162193 -0.00163371
162241 -0.000687592
162289 -0.00168403
162319 -0.000711922
162349 -0.00163502
162398 -0.000682417
162429 -0.00163365
162458 -0.000684499
162487 -0.00164257
162517 -0.00068664
162546 -0.00177445
162574 -0.0006867
162602 -0.00163978
162650 -0.00069015
162678 -0.00169426
162706 -0.000704605
162736 -0.00163573
162782 -0.000676944
162812 -0.00164329
162840 -0.000680692
162868 -0.00184256
162915 -0.000686521
162941 -0.00163615
162966 -0.00068902
163013 -0.00164204
163058 -0.000685927
163100 -0.00163627
163145 -0.000688306
163186 -0.00164644
163228 -0.000681584
163270 -0.00166315
163311 -0.000686343
163354 -0.00166131
163379 -0.000684558
163423 -0.00165619
163466 -0.000688306
163492 -0.00165637
163519 -0.000681346
163544 -0.00166143
163588 -0.00068557
163626 -0.0016622
163656 -0.00070633
163681 -0.00166101
163707 -0.000691221
163733 -0.00165138
163778 -0.000680038
163822 -0.00163948
163848 -0.000686224
163873 -0.00177005
163898 -0.000685391
163946 -0.00164483
163976 -0.000706271
164005 -0.00166375
164053 -0.00068212
164101 -0.00165839
164131 -0.000681168
164177 -0.00164001
164227 -0.000680811
164277 -0.00164055
164317 -0.000687711
164352 -0.00164543
164402 -0.00067629
164431 -0.00166714
164462 -0.00068789
164512 -0.00164055
164542 -0.000679859
164572 -0.00164632
164600 -0.000687533
164628 -0.0016462
164657 -0.000678491
164687 -0.001644
164715 -0.000674981
164743 -0.00164632
164772 -0.000684202
164820 -0.00164269
164867 -0.000675219
164896 -0.00164745
164923 -0.000673613
164957 -0.00164703
164991 -0.000683488
165027 -0.00165958
165061 -0.000680454
165095 -0.0016465
165147 -0.000673494
165181 -0.00164013
165215 -0.00067171
165266 -0.00164549
165317 -0.000675457
165367 -0.00166619
165400 -0.000670163
165455 -0.00166184
165489 -0.000680811
165523 -0.00165417
165557 -0.000678907
165592 -0.00165869
165628 -0.000680989
165666 -0.00177867
165698 -0.000672423
165725 -0.00165435
