Время (мс)Сигнал (В) 
192203 -0.00168124
192213 -0.000622337
192223 -0.00167071
192233 -0.000624121
192243 -0.00167999
192253 -0.000632152
192263 -0.00167797
192273 -0.000631616
192283 -0.00168374
192293 -0.000644465
192306 -0.001797
192313 -0.000634472
192323 -0.00166791
192333 -0.000633341
192343 -0.00167856
192353 -0.000643989
192363 -0.00167463
192375 -0.000634293
192391 -0.00167582
192409 -0.000637565
192428 -0.00166173
192449 -0.000639409
192470 -0.00167517
192491 -0.000646845
192514 -0.00166869
192537 -0.000696337
192561 -0.00166696
192585 -0.000668021
192611 -0.00166607
192638 -0.000639052
192664 -0.0016738
192702 -0.000645358
192750 -0.00167333
192800 -0.000638933
192852 -0.0016672
192910 -0.000782353
192970 -0.0016691
193036 -0.000641669
193104 -0.0016672
193176 -0.000651544
193249 -0.00190942
193318 -0.000640539
193361 -0.00165863
193385 -0.000645893
193407 -0.00165869
193429 -0.000640063
193451 -0.00177838
193473 -0.00064964
193495 -0.00166672
193517 -0.000638755
193539 -0.00166184
193562 -0.000644465
193584 -0.00168951
193606 -0.000654221
193628 -0.00167136
193652 -0.000656719
193674 -0.00166529
193697 -0.000649343
193721 -0.00165108
193745 -0.000660943
193771 -0.00167416
193796 -0.000651009
193836 -0.00167255
193878 -0.000675398
193920 -0.00166619
193962 -0.000696337
194007 -0.00165108
194052 -0.000649819
194098 -0.0016553
194144 -0.000649284
194191 -0.0016537
194239 -0.000657552
194287 -0.00165911
194334 -0.000652317
194391 -0.00164697
194447 -0.000648391
194500 -0.0016487
194530 -0.000662251
194564 -0.00165322
194598 -0.000654935
194630 -0.00167148
194663 -0.000685034
194697 -0.00166565
194729 -0.000655054
194761 -0.00165019
194793 -0.000663917
194824 -0.00166779
194855 -0.000670341
194887 -0.00166137
194918 -0.000673792
194951 -0.00165542
194983 -0.000677301
195016 -0.00165881
195049 -0.000673554
195082 -0.00167374
195116 -0.000658325
195149 -0.00164626
195182 -0.000809537
195217 -0.00177356
195250 -0.000666356
195278 -0.00165013
195321 -0.000658623
195367 -0.00165292
195411 -0.000670282
195458 -0.00165126
195501 -0.000656838
195545 -0.00176713
195587 -0.000663144
195631 -0.00166
195660 -0.000678312
195705 -0.00167089
195734 -0.000673911
195764 -0.00164858
195793 -0.000665999
195840 -0.00165233
195869 -0.000659218
195898 -0.00181389
195926 -0.000668081
195956 -0.00168136
195984 -0.000670579
196012 -0.00167327
196054 -0.000688544
196081 -0.00163668
196122 -0.000673494
196149 -0.0016572
196193 -0.000684023
196221 -0.00166446
196249 -0.000697407
196294 -0.00164977
196321 -0.000691935
196367 -0.00171925
196411 -0.000665345
196458 -0.00163882
196504 -0.000687711
196533 -0.00163823
196576 -0.00068783
196622 -0.00164465
196666 -0.000678075
196695 -0.00172317
196741 -0.000679324
196768 -0.0016321
196796 -0.000678253
196823 -0.00164305
196867 -0.000677777
196909 -0.00163674
196937 -0.00067629
196967 -0.00164257
196998 -0.000684915
197028 -0.00164317
197058 -0.000689555
197088 -0.00164513
197118 -0.000687354
197165 -0.00164489
197195 -0.000677361
197229 -0.00166143
197259 -0.000682655
197289 -0.00163044
197337 -0.00067742
197367 -0.00163555
197429 -0.00068438
197459 -0.00163061
197490 -0.000683726
197540 -0.00163216
197571 -0.000682893
197620 -0.00163109
197672 -0.000693362
197703 -0.0016321
197734 -0.000689674
197783 -0.0016343
197817 -0.000686878
197851 -0.00166988
197884 -0.000683071
197917 -0.00162865
197950 -0.000692173
197986 -0.00163192
198019 -0.000691578
198054 -0.0016277
198091 -0.00068438
198123 -0.00164858
198155 -0.000686581
198189 -0.00162621
198222 -0.000757547
198255 -0.00162859
198289 -0.00069021
198323 -0.00162901
198356 -0.000681584
198391 -0.0016412
198424 -0.000683012
198477 -0.00161789
198510 -0.00077807
198542 -0.00162812
198575 -0.000693779
198607 -0.00163597
198660 -0.000694909
198707 -0.00163448
198740 -0.000706509
198772 -0.00165584
198822 -0.000691518
198856 -0.00163341
198891 -0.000709899
198924 -0.00164549
198959 -0.000736906
198993 -0.00161562
199026 -0.000690923
199059 -0.0016208
199091 -0.000691102
199140 -0.00163204
199173 -0.000699192
199207 -0.00162241
199241 -0.000751955
199275 -0.0016258
199310 -0.000719417
199343 -0.00163163
199377 -0.000695444
199409 -0.00162859
199445 -0.000690031
199478 -0.00162841
199513 -0.000685748
199546 -0.00161717
199579 -0.000696693
199611 -0.0016509
199645 -0.000724116
199693 -0.0016393
199747 -0.000707341
199779 -0.00161854
199812 -0.000696872
199862 -0.00161955
199895 -0.00069134
199927 -0.00161384
199960 -0.000694076
199994 -0.00162032
200026 -0.000703296
200076 -0.001618
200109 -0.000695504
200143 -0.00161521
200176 -0.000694433
200209 -0.00161925
200242 -0.000808348
200275 -0.00162526
200327 -0.000702404
200360 -0.00161783
200395 -0.000891865
200429 -0.00161878
200461 -0.000697705
200495 -0.00161039
200526 -0.000699489
200558 -0.00162377
200590 -0.000792406
200623 -0.00162693
200656 -0.000720726
200689 -0.00163805
200737 -0.000701452
200784 -0.00160985
200816 -0.000700738
200849 -0.0016233
200897 -0.000699549
200929 -0.00163716
200962 -0.000696991
200995 -0.00161592
201028 -0.000722629
201065 -0.00164311
201112 -0.00071323
201144 -0.00161491
201176 -0.00069711
201222 -0.00163115
201258 -0.00072251
201290 -0.00160801
201324 -0.00069705
201372 -0.0016092
201406 -0.000700857
201439 -0.00161687
201472 -0.000703713
201506 -0.00161432
201542 -0.000704546
201575 -0.001607
201608 -0.000717692
201641 -0.00161658
201675 -0.00071906
201708 -0.00161527
201742 -0.000715312
201776 -0.00162532
201828 -0.000720131
201861 -0.00159962
201894 -0.000716205
201948 -0.001607
201982 -0.000724414
202018 -0.00163787
202052 -0.000773906
202087 -0.00160307
202121 -0.000704427
202157 -0.00160272
202190 -0.000711565
202225 -0.0016073
202259 -0.000702583
202292 -0.00172996
202324 -0.000707817
202367 -0.00172651
202411 -0.000702999
202442 -0.001602
202470 -0.000707163
202515 -0.0015998
202545 -0.000701809
202572 -0.00162003
