Время (мс)Сигнал (В) 
728859 -0.00173341
728869 -0.000609012
728879 -0.00172942
728889 -0.000607585
728899 -0.00172103
728909 -0.000601458
728919 -0.00171919
728929 -0.000600744
728939 -0.00173103
728949 -0.000599614
728959 -0.00172187
728969 -0.000603361
728979 -0.00173061
728989 -0.000594379
728999 -0.00171729
729009 -0.000612344
729019 -0.00172906
729031 -0.000600803
729051 -0.00173912
729069 -0.000614545
729088 -0.00174542
729111 -0.000614069
729133 -0.00175286
729158 -0.000664631
729183 -0.00172579
729209 -0.000604194
729236 -0.0017221
729265 -0.000607704
729295 -0.00173626
729326 -0.000601636
729358 -0.00173103
729395 -0.000607466
729441 -0.00178004
729493 -0.000631855
729547 -0.00175387
729611 -0.000607347
729676 -0.00173561
729743 -0.000748982
729815 -0.00173656
729890 -0.000608537
729958 -0.00174239
730007 -0.000598008
730039 -0.00172817
730070 -0.000610619
730097 -0.00173269
730125 -0.000589799
730154 -0.00171824
730181 -0.000597353
730207 -0.0017362
730235 -0.000595331
730265 -0.00173442
730293 -0.000602826
730322 -0.0017371
730352 -0.000605384
730380 -0.00175387
730408 -0.000617281
730437 -0.0017531
730465 -0.000597651
730494 -0.00175179
730523 -0.000612106
730554 -0.00174096
730584 -0.000603242
730615 -0.00172782
730647 -0.00065904
730679 -0.00173263
730710 -0.000599971
730744 -0.00185613
730791 -0.000606871
730837 -0.00174292
730883 -0.000611808
730936 -0.00173097
730987 -0.000637744
731039 -0.00175446
731094 -0.000600744
731142 -0.00175339
731171 -0.000623646
731199 -0.00173894
731228 -0.000588133
731258 -0.00173478
731287 -0.000599435
731314 -0.00173686
731345 -0.000602885
731375 -0.00174179
731405 -0.000608537
731434 -0.00174405
731464 -0.00064744
731493 -0.00175405
731520 -0.00060812
731549 -0.00175625
731577 -0.000644287
731606 -0.00174959
731634 -0.000607704
731664 -0.00175113
731697 -0.000610262
731726 -0.00172954
731755 -0.000604967
731786 -0.00173942
731839 -0.000620077
731872 -0.001744
731924 -0.000625609
731973 -0.00175637
732025 -0.000591583
732075 -0.00176071
732125 -0.000621385
732183 -0.00174465
732216 -0.000598305
732250 -0.001744
732284 -0.000599435
732318 -0.00177273
732352 -0.000594855
732384 -0.00174626
732415 -0.000596639
732447 -0.00174429
732478 -0.000620731
732510 -0.00174536
732542 -0.000608001
732574 -0.00174756
732608 -0.000595807
732641 -0.00178016
732672 -0.000611035
732703 -0.00176487
732734 -0.000600565
732767 -0.00175268
732798 -0.000627096
732828 -0.00175155
732860 -0.000644585
732892 -0.0017638
732923 -0.000606811
732957 -0.00176565
732989 -0.000717811
733022 -0.00174221
733073 -0.000601517
733124 -0.00173793
733174 -0.000595033
733226 -0.00174768
733258 -0.00060461
733290 -0.00183822
733322 -0.000595628
733351 -0.00174138
733402 -0.000604135
733431 -0.00175286
733460 -0.000589263
733489 -0.00188724
733518 -0.000604313
733545 -0.00174275
733572 -0.00059652
733616 -0.00174554
733644 -0.000705557
733671 -0.00176291
733714 -0.000609726
733743 -0.00175851
733770 -0.000602707
733797 -0.00191067
733841 -0.000596283
733868 -0.00174953
733896 -0.000600803
733923 -0.00174745
733964 -0.000586765
733994 -0.00174495
734021 -0.000602112
734067 -0.00174834
734113 -0.000597353
734157 -0.00174608
734203 -0.00060586
734248 -0.00176916
734292 -0.000594022
734320 -0.00175131
734366 -0.000596639
734392 -0.00174572
734435 -0.000618887
734462 -0.00175262
734489 -0.000606752
734533 -0.00176493
734561 -0.000607585
734587 -0.00175786
734613 -0.000616032
734657 -0.00176012
734684 -0.000602885
734711 -0.00177344
734755 -0.000601934
734783 -0.00176101
734810 -0.000705736
734837 -0.00174447
734885 -0.000607347
734918 -0.00174382
734955 -0.000622337
734988 -0.00174364
735024 -0.000607168
735056 -0.00174643
735089 -0.00059777
735125 -0.00175601
735158 -0.000604016
735191 -0.00174322
735241 -0.0006058
735294 -0.00196469
735327 -0.000599614
735353 -0.00174043
735395 -0.000595926
735420 -0.00174691
735461 -0.000597413
735505 -0.00174078
735530 -0.000600803
735572 -0.00173376
735597 -0.000605919
735621 -0.00174554
735646 -0.000615318
735688 -0.00175548
735711 -0.000621147
735753 -0.00177618
735792 -0.000622694
735817 -0.00176856
735843 -0.000607406
735869 -0.00174679
735910 -0.00060925
735953 -0.0017575
735994 -0.000623527
736020 -0.00174709
736062 -0.000603659
736086 -0.00174828
736130 -0.000599257
736154 -0.00174519
736195 -0.000597829
736220 -0.00175179
736262 -0.000602707
736303 -0.00174513
736345 -0.00060818
736398 -0.00176636
736431 -0.000603361
736466 -0.00176351
736498 -0.000599019
736550 -0.00176327
736583 -0.000639231
736618 -0.00174037
736650 -0.000624895
736682 -0.00175155
736716 -0.000618411
736747 -0.00176261
736781 -0.000596699
736814 -0.00177689
736847 -0.000622813
736879 -0.00176767
736911 -0.000619184
736943 -0.00177552
736976 -0.000617757
737009 -0.00176029
737042 -0.000596758
737076 -0.00174834
737110 -0.000603004
737143 -0.00176767
737176 -0.000603064
737209 -0.00174632
737242 -0.000606811
737276 -0.00174007
737311 -0.000599971
737344 -0.00174489
737398 -0.00060461
737451 -0.00173888
737485 -0.000600922
737521 -0.001744
737556 -0.000602647
737588 -0.00183453
737621 -0.000598186
737652 -0.00174911
737684 -0.000617459
737714 -0.00176083
737762 -0.000630189
737793 -0.00175952
737823 -0.000621147
737855 -0.00176583
737885 -0.000601993
737917 -0.00173995
737947 -0.000604729
737977 -0.00180949
738008 -0.000622278
738054 -0.00175851
738084 -0.000719834
738115 -0.00173846
738145 -0.000608418
738177 -0.00174013
738206 -0.000605681
738253 -0.00174465
738286 -0.000609607
738316 -0.00174697
738346 -0.00060693
738376 -0.00185458
738421 -0.000608061
738472 -0.00178677
738518 -0.000599971
738566 -0.00176125
738595 -0.000616508
738624 -0.0017638
738654 -0.000634234
738683 -0.00174632
738732 -0.000617757
738762 -0.00174465
738808 -0.00061734
738838 -0.00175809
738867 -0.00059771
738897 -0.00174572
738926 -0.000611392
738956 -0.00173793
738985 -0.000622159
739015 -0.00174108
739044 -0.00068908
739090 -0.00174364
739119 -0.000608477
739149 -0.00174774
739177 -0.000608061
739222 -0.00176029
739251 -0.000603421
739298 -0.00173353
739328 -0.000601339
739358 -0.00193364
739386 -0.00061627
739412 -0.00181633
739453 -0.00060699
739496 -0.00173977
739539 -0.000616032
739580 -0.00175096
739626 -0.000614961
739652 -0.00175185
