Время (мс)Сигнал (В) 
513391 -0.00380403
513401 -0.00480975
513411 -0.00378625
513421 -0.00482754
513431 -0.00379975
513441 -0.00482201
513451 -0.00381897
513461 -0.00483272
513471 -0.00381891
513481 -0.00482516
513490 -0.00380243
513503 -0.00484949
513513 -0.00382087
513522 -0.00483944
513531 -0.00379767
513544 -0.00481469
513556 -0.0038261
513571 -0.00481909
513590 -0.00379939
513614 -0.00482052
513644 -0.00381367
513668 -0.00481249
513694 -0.00382283
513722 -0.00480934
513751 -0.00381837
513780 -0.00482802
513810 -0.00381046
513842 -0.00479982
513875 -0.00378649
513907 -0.00481094
513940 -0.00380076
513986 -0.00482701
514043 -0.00381879
514104 -0.00481231
514171 -0.0037938
514239 -0.0048317
514308 -0.00381534
514387 -0.00481701
514469 -0.00380516
514531 -0.00482022
514564 -0.00379767
514596 -0.00481564
514626 -0.00380903
514656 -0.00483718
514685 -0.00378601
514716 -0.00484027
514746 -0.0037991
514776 -0.0048536
514806 -0.00380344
514835 -0.00485092
514864 -0.00379309
514895 -0.00481142
514924 -0.0037947
514954 -0.00485211
514983 -0.00381552
515014 -0.00481642
515044 -0.00379142
515075 -0.00484574
515106 -0.00382242
515137 -0.00483569
515170 -0.00380552
515203 -0.00484158
515236 -0.0037778
515271 -0.00481481
515305 -0.00379154
515357 -0.00483652
515408 -0.00381688
515457 -0.00484158
515520 -0.00379856
515582 -0.00484961
515630 -0.00377108
515665 -0.00484598
515699 -0.00378774
515733 -0.00486757
515766 -0.00381766
515800 -0.00483135
515833 -0.00380897
515866 -0.00484592
515900 -0.00379939
515933 -0.004837
515965 -0.00378821
515999 -0.00482011
516032 -0.00381498
516064 -0.00485597
516096 -0.00381165
516128 -0.00483182
516160 -0.00378982
516193 -0.00484985
516225 -0.00379844
516257 -0.00483997
516289 -0.00379577
516322 -0.0048389
516354 -0.00378815
516388 -0.00485824
516423 -0.00379255
516457 -0.00484057
516509 -0.00381498
516559 -0.00488013
516611 -0.00381653
516661 -0.00484461
516710 -0.00378559
516746 -0.00485151
516778 -0.00380368
516811 -0.00485419
516844 -0.00378006
516879 -0.00483093
516912 -0.0037853
516946 -0.00484527
516979 -0.00378012
517013 -0.00484307
517048 -0.00379565
517082 -0.00485764
517115 -0.0037803
517149 -0.00487555
517182 -0.00379666
517215 -0.00485907
517250 -0.00379428
517284 -0.0048555
517319 -0.00377941
517353 -0.00483182
517387 -0.00378542
517422 -0.00484925
517457 -0.00378946
517493 -0.00484913
517528 -0.00377673
517561 -0.00484967
517595 -0.00379142
517643 -0.0048166
517693 -0.0037684
517743 -0.00484134
517793 -0.00379011
517826 -0.00486133
517860 -0.00378666
517893 -0.0048549
517928 -0.00378446
517961 -0.00485829
517995 -0.0037966
518029 -0.00484842
518062 -0.00377584
518095 -0.00484313
518130 -0.00376828
518164 -0.00484396
518198 -0.00376364
518232 -0.0048411
518268 -0.00378304
518302 -0.00486656
518336 -0.00379434
518371 -0.00486656
518405 -0.0037637
518440 -0.00484717
518474 -0.00379493
518509 -0.00485681
518544 -0.00377233
518578 -0.00485943
518612 -0.00379583
518646 -0.00486502
518681 -0.00376352
518732 -0.00487519
518792 -0.00380112
518860 -0.00486448
518895 -0.00377762
518928 -0.00485217
518962 -0.00377275
518995 -0.00487519
519029 -0.00379999
519062 -0.00485937
519097 -0.00377227
519130 -0.00487233
519166 -0.00377893
519199 -0.00487971
519233 -0.00378423
519266 -0.0048502
519302 -0.00377643
519337 -0.00487394
519371 -0.00377304
519408 -0.00486633
519441 -0.0037894
519475 -0.00486502
519508 -0.00374984
519543 -0.00488744
519578 -0.00376531
519611 -0.00487055
519645 -0.00378084
519680 -0.00487626
519716 -0.00377518
519751 -0.00488036
519786 -0.00379309
519841 -0.00485788
519893 -0.00378369
519943 -0.00488108
519977 -0.00377917
520012 -0.00486014
520047 -0.00377727
520081 -0.00488298
520115 -0.00378464
520150 -0.00487144
520185 -0.00376097
520222 -0.0048696
520257 -0.00377156
520292 -0.00488417
520328 -0.00377275
520363 -0.004885
520397 -0.00376995
520434 -0.00486442
520469 -0.00378821
520503 -0.00487941
520537 -0.00378464
520571 -0.00487537
520606 -0.00375859
520641 -0.0048787
520676 -0.00378553
520711 -0.00488316
520746 -0.00376257
520780 -0.00487013
520816 -0.00374467
520851 -0.00488471
520888 -0.00375752
520938 -0.00488251
520989 -0.00378601
521025 -0.0048875
521060 -0.00375181
521095 -0.00487168
521129 -0.00377156
521167 -0.00488114
521201 -0.00375436
521239 -0.00486531
521273 -0.00376537
521310 -0.00488625
521348 -0.00376811
521397 -0.00488054
521431 -0.00376989
521466 -0.00492117
521500 -0.00376168
521533 -0.00489732
521565 -0.00375526
521598 -0.00486383
521631 -0.00376959
521665 -0.00489761
521711 -0.00376822
521747 -0.00488429
521779 -0.00373985
521812 -0.00488929
521846 -0.00375228
521880 -0.00489416
521914 -0.00374544
521947 -0.00486412
521981 -0.00375752
522033 -0.00490166
522067 -0.00377025
522103 -0.00491017
522136 -0.0037477
522171 -0.00487346
522205 -0.00374782
522239 -0.00489018
522293 -0.00376198
522327 -0.00488007
522360 -0.00376674
522395 -0.00487828
522443 -0.00376894
522479 -0.00489303
522512 -0.00375448
522546 -0.00486103
522582 -0.00377221
522616 -0.00491546
522650 -0.00374955
522683 -0.00491112
522717 -0.00376519
522750 -0.00488262
522796 -0.00376192
522833 -0.00489125
522867 -0.00377203
522901 -0.00487697
522935 -0.00375603
522970 -0.00489892
523004 -0.00376483
523039 -0.00489696
523072 -0.00376525
523108 -0.00491219
523145 -0.00376025
523181 -0.0048972
523218 -0.00377465
523255 -0.00489934
523289 -0.00374883
523342 -0.00490987
523376 -0.00373485
523412 -0.00488143
523447 -0.00375032
523482 -0.00488798
523518 -0.00374276
523555 -0.00490743
523591 -0.00377429
523627 -0.00489048
523664 -0.00374354
523699 -0.00489155
523734 -0.00375448
523769 -0.00489131
523804 -0.00376846
523839 -0.00489637
523874 -0.00377102
523909 -0.00490255
523943 -0.00374288
523978 -0.00490553
524013 -0.00375775
524048 -0.0048872
524083 -0.00376305
524118 -0.0048947
524153 -0.00376918
524189 -0.00491748
524223 -0.00375799
524260 -0.00488762
524293 -0.00376394
524327 -0.00489256
524376 -0.0037408
524427 -0.00491118
524461 -0.00375014
524498 -0.00492266
524531 -0.00374604
524568 -0.00490333
524604 -0.0037546
524638 -0.00489696
524679 -0.00374711
524715 -0.00490327
524749 -0.00374812
524783 -0.00489898
524817 -0.00375407
524851 -0.00489976
524886 -0.00374526
524921 -0.00490529
524963 -0.00375282
525010 -0.00490452
525052 -0.00376376
525085 -0.00492266
525119 -0.00374211
525155 -0.0049038
525188 -0.00374621
525224 -0.00489065
525259 -0.0037668
525293 -0.00491558
525328 -0.00375311
525362 -0.00491058
525396 -0.00374312
525431 -0.00490814
525467 -0.00376638
525503 -0.00489297
525538 -0.00375692
525573 -0.00489631
525607 -0.00375722
525643 -0.00490707
525679 -0.00374514
525731 -0.00491891
525766 -0.00377417
525800 -0.00489226
525835 -0.00374324
525869 -0.00492468
525905 -0.00376228
525939 -0.00490374
525976 -0.00376739
526011 -0.00487781
526046 -0.00374247
526100 -0.00490868
526134 -0.00374241
526169 -0.00491165
526204 -0.00376507
526238 -0.00492087
526274 -0.00375062
526311 -0.00489708
526346 -0.00376376
526384 -0.0049336
526418 -0.00375567
526453 -0.0049013
526486 -0.00375972
526521 -0.00490707
526555 -0.0037433
526588 -0.00490779
526622 -0.00374389
526655 -0.00488494
526689 -0.00375276
526723 -0.00490737
526774 -0.00374901
526808 -0.00492052
526841 -0.00373057
526876 -0.00493592
526909 -0.00374312
526942 -0.00490826
526975 -0.0037552
527026 -0.00492932
527062 -0.00376483
527095 -0.00491879
527145 -0.00372938
527179 -0.00491487
527218 -0.00375894
527252 -0.00493051
527287 -0.00373914
527324 -0.00490559
527362 -0.0037452
527397 -0.00487834
527432 -0.00376352
527468 -0.00490993
527504 -0.00375662
527542 -0.00492593
527578 -0.00372807
527620 -0.00491695
527664 -0.00375163
527697 -0.00492908
527733 -0.00375121
527767 -0.0049289
527804 -0.00376436
527840 -0.00492409
527875 -0.00376007
527911 -0.00489309
527944 -0.0037709
527978 -0.00491903
528012 -0.00374312
528046 -0.00492789
528080 -0.00373057
528116 -0.00493646
528152 -0.00377197
528186 -0.00492605
528222 -0.00375068
528258 -0.00491748
528295 -0.00371867
528328 -0.00490457
528363 -0.00373069
528397 -0.00491397
528449 -0.00374949
528483 -0.00490838
528517 -0.00375032
528552 -0.00492748
528587 -0.0037386
528621 -0.00490648
528655 -0.0037568
528706 -0.00492165
528743 -0.00374181
528777 -0.00492194
528813 -0.00375526
528847 -0.00492587
528884 -0.00371504
528919 -0.00491665
528954 -0.00375294
528988 -0.00492956
529024 -0.00377441
529058 -0.00492319
529094 -0.00375306
529128 -0.00490957
529162 -0.00374235
529197 -0.00491701
529234 -0.00375787
529271 -0.00491653
529306 -0.00374782
529342 -0.00491326
529379 -0.00374889
529413 -0.00493366
529448 -0.00373426
529496 -0.00492456
529531 -0.00374919
529566 -0.00489387
529600 -0.00374318
529635 -0.0049066
529670 -0.00376079
529705 -0.00492801
529758 -0.00373658
529792 -0.00488839
529826 -0.00374966
529860 -0.00489988
529895 -0.00374764
529929 -0.00490773
529972 -0.00375139
530009 -0.00494086
530044 -0.00375954
530078 -0.00491915
530112 -0.00376067
530145 -0.00491897
530179 -0.0037405
530213 -0.00491231
530248 -0.0037505
530281 -0.00490981
530314 -0.00375883
530348 -0.00492462
530382 -0.00374378
530415 -0.00491671
530450 -0.003732
530484 -0.00492058
530535 -0.00377673
530569 -0.00492403
530602 -0.00375193
530635 -0.00490404
530687 -0.00374901
530720 -0.00491814
530753 -0.00375924
530804 -0.00489363
530838 -0.00374705
530872 -0.00493194
530906 -0.00376519
530939 -0.00492575
530973 -0.00376382
531009 -0.0049364
531061 -0.00377578
531096 -0.00491986
531131 -0.00376168
531166 -0.00493247
531200 -0.00374746
531234 -0.00490951
531269 -0.00376739
531304 -0.00491594
531339 -0.00372718
531374 -0.00489476
531410 -0.00373872
531445 -0.00493057
531479 -0.00376507
531514 -0.00494015
531548 -0.00376376
531584 -0.00493783
531618 -0.0037599
531653 -0.00491748
531687 -0.00376531
531739 -0.00491326
531775 -0.00372938
531810 -0.00490832
531844 -0.00375353
531878 -0.0049063
531912 -0.00375728
531946 -0.00491701
531982 -0.00374366
532015 -0.00491011
532050 -0.00374574
532101 -0.0049129
532135 -0.00377114
532169 -0.0049104
532202 -0.00374723
532236 -0.00491112
532269 -0.00375365
532319 -0.00492986
532353 -0.00376085
532386 -0.00490594
532423 -0.00372968
532458 -0.00490797
532492 -0.00376953
532526 -0.00493343
532559 -0.00374568
532593 -0.00492111
532628 -0.00374407
532663 -0.00490029
532697 -0.00373563
532732 -0.00492171
532784 -0.00374508
532820 -0.0049292
532855 -0.00377382
532889 -0.00492426
