Время (мс)Сигнал (В) 
1036204 -0.0269195
1036214 -0.0279373
1036224 -0.0269065
1036234 -0.0278047
1036244 -0.0269209
1036254 -0.0278953
1036264 -0.0269683
1036274 -0.0278674
1036284 -0.0268971
1036294 -0.0278762
1036304 -0.0268848
1036314 -0.0279749
1036324 -0.0269261
1036334 -0.0278981
1036344 -0.0269279
1036356 -0.0278889
1036367 -0.0269558
1036383 -0.0280671
1036405 -0.0270197
1036426 -0.0279672
1036448 -0.0268076
1036471 -0.0279165
1036493 -0.0270054
1036517 -0.0279552
1036542 -0.0269252
1036567 -0.0278236
1036592 -0.0267877
1036619 -0.0279028
1036645 -0.0269921
1036671 -0.0279994
1036700 -0.0269457
1036741 -0.0279867
1036788 -0.0269319
1036838 -0.0279046
1036891 -0.0269215
1036948 -0.0280599
1037007 -0.0269272
1037074 -0.0279047
1037144 -0.0268094
1037220 -0.0276848
1037293 -0.0269569
1037347 -0.0279609
1037372 -0.0270062
1037395 -0.027898
1037417 -0.02688
1037438 -0.0278683
1037459 -0.0270233
1037480 -0.0280927
1037501 -0.0270137
1037522 -0.0279555
1037543 -0.0269163
1037564 -0.0279479
1037585 -0.0270079
1037606 -0.0278852
1037628 -0.0268505
1037649 -0.0278571
1037670 -0.026851
1037695 -0.027815
1037719 -0.0268656
1037744 -0.0279433
1037769 -0.0269821
1037804 -0.0280273
1037840 -0.027007
1037874 -0.0278534
1037912 -0.0269222
1037952 -0.0279704
1037990 -0.0270242
1038032 -0.0279687
1038072 -0.0268629
1038113 -0.0277932
1038154 -0.0269122
1038194 -0.0279287
1038242 -0.026902
1038286 -0.0278686
1038332 -0.026872
1038378 -0.027759
1038424 -0.0269433
1038467 -0.0280614
1038511 -0.0270185
1038552 -0.0279169
1038589 -0.0268878
1038615 -0.0279514
1038640 -0.0269869
1038665 -0.0279822
1038690 -0.0270082
1038716 -0.0281509
1038743 -0.0269994
1038766 -0.0278649
1038790 -0.0267739
1038814 -0.027726
1038839 -0.0268327
1038871 -0.0279209
1038903 -0.0269106
1038936 -0.0277993
1038970 -0.026835
1039002 -0.027963
1039035 -0.0270645
1039067 -0.0280762
1039101 -0.0270113
1039134 -0.027891
1039168 -0.0269093
1039202 -0.0279726
1039236 -0.0269746
1039271 -0.0279107
1039307 -0.0267644
1039342 -0.027845
1039379 -0.0270081
1039414 -0.0279368
1039450 -0.0268833
1039487 -0.0279891
1039523 -0.0268614
1039561 -0.0279025
1039598 -0.026782
1039637 -0.0280599
1039675 -0.027055
1039712 -0.0279971
1039748 -0.0269024
1039783 -0.0278824
1039820 -0.0269201
1039855 -0.0278671
1039891 -0.027037
1039926 -0.028113
1039963 -0.0269802
1039999 -0.0278383
1040034 -0.0267846
1040070 -0.0278341
1040095 -0.0269264
1040130 -0.0280807
1040165 -0.0268866
1040202 -0.0277451
1040237 -0.0268478
1040262 -0.0279721
1040296 -0.0270371
1040330 -0.0280617
1040365 -0.0270393
1040401 -0.0279861
1040435 -0.026853
1040471 -0.0278336
1040507 -0.0269686
1040541 -0.0279347
1040588 -0.0268484
1040626 -0.0279028
1040661 -0.0268224
1040696 -0.0279544
1040732 -0.0269879
1040768 -0.0280517
1040804 -0.0269992
1040840 -0.0278497
1040875 -0.0268661
1040910 -0.0279746
1040946 -0.0269198
1040986 -0.028083
1041025 -0.0269903
1041062 -0.0280235
1041100 -0.026821
1041126 -0.0278466
1041164 -0.0268333
1041202 -0.0279789
1041240 -0.0269928
1041266 -0.0278241
1041294 -0.026786
1041335 -0.0279207
1041360 -0.026921
1041401 -0.0279883
1041440 -0.0270474
1041466 -0.0278947
1041507 -0.0268154
1041544 -0.027999
1041568 -0.02701
1041606 -0.0281226
1041644 -0.0270045
1041679 -0.0278586
1041714 -0.0267932
1041750 -0.0278511
1041786 -0.026778
1041821 -0.0279012
1041858 -0.0269963
1041895 -0.0279597
1041929 -0.0268489
1041965 -0.0278062
1042001 -0.0268933
1042038 -0.0281037
1042073 -0.0270823
1042107 -0.0280227
1042144 -0.0268618
1042179 -0.0279344
1042215 -0.0269369
1042250 -0.0279855
1042285 -0.0269333
1042321 -0.0279361
1042357 -0.0269074
1042394 -0.0279279
1042429 -0.0268857
1042465 -0.0279807
1042501 -0.0269557
1042537 -0.0280878
1042573 -0.0269282
1042598 -0.027896
1042634 -0.0268275
1042670 -0.0279759
1042706 -0.0270437
1042742 -0.0281496
1042780 -0.0268978
1042815 -0.0279017
1042849 -0.026851
1042887 -0.0280809
1042923 -0.0269982
1042960 -0.027904
1042998 -0.0267795
1043036 -0.0278681
1043074 -0.0268969
1043100 -0.0280411
1043137 -0.0269968
1043173 -0.0280401
1043210 -0.0268347
1043247 -0.0278814
1043283 -0.0269119
1043320 -0.0280477
1043359 -0.0270201
1043382 -0.0281257
1043419 -0.0269887
1043455 -0.0278205
1043492 -0.026764
1043527 -0.0278908
1043563 -0.0269272
1043598 -0.0280903
1043634 -0.0269399
1043670 -0.0279151
1043706 -0.0268833
1043743 -0.0279568
1043767 -0.0270252
1043805 -0.0281865
1043843 -0.0269956
1043878 -0.0278605
1043912 -0.0268366
1043947 -0.0278863
1043981 -0.0270315
1044016 -0.0280325
1044050 -0.0268288
1044086 -0.0278952
1044122 -0.0268435
1044157 -0.0280576
1044191 -0.0269944
1044226 -0.0280575
1044259 -0.0270001
1044292 -0.0279376
1044325 -0.026865
1044358 -0.0279604
1044396 -0.0269325
1044428 -0.0281663
1044465 -0.0269385
1044499 -0.0278336
1044535 -0.0267196
1044571 -0.0278464
1044605 -0.026979
1044637 -0.0280276
1044669 -0.026918
1044704 -0.0279205
1044740 -0.0268023
1044775 -0.0280637
1044810 -0.0270142
1044842 -0.0281511
1044878 -0.026862
1044915 -0.0279345
1044951 -0.026926
1044986 -0.0279708
1045021 -0.0270098
1045056 -0.0280731
1045092 -0.0268106
1045126 -0.0279825
1045161 -0.0268361
1045196 -0.0280072
1045231 -0.0269311
1045268 -0.0280489
1045303 -0.0269283
1045339 -0.0277804
1045373 -0.0267401
1045408 -0.0279091
1045443 -0.026946
1045478 -0.0281784
1045513 -0.0269734
1045547 -0.0280568
1045582 -0.0269918
1045615 -0.028133
1045650 -0.0269563
1045684 -0.028
1045719 -0.0268359
1045754 -0.0278458
1045788 -0.0265559
1045824 -0.027795
1045853 -0.0267684
1045884 -0.0281645
1045912 -0.0269695
1045944 -0.0279714
1045975 -0.0268531
1046006 -0.0280081
1046039 -0.0269709
1046071 -0.0281607
1046102 -0.0270129
1046133 -0.0281085
1046165 -0.0269218
1046196 -0.0279258
1046229 -0.0268066
1046260 -0.0280485
1046293 -0.02702
1046324 -0.0280556
1046359 -0.0268863
1046391 -0.0278354
1046424 -0.0267771
1046456 -0.0279129
1046489 -0.0268243
1046522 -0.0279216
1046555 -0.026868
1046588 -0.027949
1046621 -0.0270694
1046654 -0.0282487
1046686 -0.0270126
1046716 -0.0281937
1046747 -0.0269242
1046779 -0.0281041
