Время (мс)Сигнал (В) 
231766 -0.00210001
231776 -0.00157726
231787 -0.00209543
231797 -0.00158606
231806 -0.00210192
231816 -0.00158166
231826 -0.00209704
231836 -0.00157904
231846 -0.00209692
231856 -0.00157559
231866 -0.0020952
231876 -0.00154942
231886 -0.00210168
231896 -0.00157732
231909 -0.00209984
231918 -0.00158909
231930 -0.00208734
231943 -0.00158362
231962 -0.00209056
231982 -0.00158701
232008 -0.00210091
232030 -0.00158202
232052 -0.00210055
232076 -0.0015797
232102 -0.00209371
232128 -0.00157488
232154 -0.0020899
232183 -0.0015772
232212 -0.00210287
232242 -0.001586
232274 -0.0020949
232320 -0.00158701
232374 -0.00208853
232433 -0.0015957
232493 -0.00209692
232555 -0.00159308
232620 -0.0020968
232694 -0.00159552
232768 -0.00208163
232847 -0.00158874
232907 -0.00209192
232938 -0.00159849
232970 -0.00209133
233000 -0.00158219
233031 -0.0021012
233061 -0.00158969
233091 -0.00208318
233120 -0.00159367
233149 -0.0020965
233177 -0.001586
233207 -0.00207943
233237 -0.00158969
233267 -0.00208211
233297 -0.00159623
233327 -0.00208318
233356 -0.00158868
233386 -0.00207408
233419 -0.00159992
233449 -0.00209335
233480 -0.00157553
233511 -0.00208068
233542 -0.00160057
233574 -0.00208461
233606 -0.00158755
233640 -0.00207628
233673 -0.00158552
233721 -0.00207176
233772 -0.00160849
233820 -0.00208401
233880 -0.00159855
233939 -0.00207557
233988 -0.00159944
234037 -0.00208455
234068 -0.00158844
234100 -0.002078
234133 -0.00159195
234167 -0.00208354
234199 -0.00160289
234231 -0.00207884
234266 -0.00160176
234301 -0.00207164
234333 -0.00158945
234366 -0.00207545
234397 -0.00160022
234428 -0.00207325
234459 -0.00160414
234489 -0.00207473
234522 -0.00160402
234555 -0.0020789
234588 -0.00161283
234621 -0.00208377
234654 -0.00160391
234687 -0.00207789
234720 -0.00160748
234754 -0.00207568
234789 -0.00159457
234826 -0.00207229
234860 -0.00162134
234909 -0.00207741
234957 -0.00161319
235005 -0.00206676
235056 -0.00160974
235106 -0.00207693
235141 -0.00160938
235177 -0.00206956
235211 -0.00160753
235244 -0.0020927
235276 -0.00160617
235309 -0.00205695
235341 -0.00160979
235373 -0.00207319
235405 -0.00160742
235437 -0.00206813
235472 -0.00160718
235508 -0.00206111
235541 -0.00160129
235574 -0.00208312
235609 -0.00161997
235643 -0.00206641
235676 -0.00161527
235710 -0.00206379
235743 -0.00161521
235776 -0.00206355
235807 -0.00161551
235838 -0.00205326
235871 -0.00161485
235903 -0.00206498
235956 -0.00161557
236009 -0.00206028
236043 -0.0016236
236102 -0.00204993
236155 -0.00162223
236186 -0.0020466
236218 -0.00161408
236250 -0.00205713
236283 -0.00161622
236317 -0.00205314
236360 -0.0016252
236395 -0.0020604
236428 -0.00161336
236459 -0.00205207
236491 -0.00160498
236526 -0.00206641
236558 -0.00162366
236589 -0.00206718
236622 -0.00161913
236656 -0.00205332
236690 -0.0016346
236723 -0.00206069
236756 -0.00163525
236789 -0.00206997
236826 -0.00162746
236859 -0.00205219
236892 -0.00162847
236927 -0.00205689
236959 -0.00162514
236991 -0.00205141
237041 -0.0016318
237092 -0.0020532
237142 -0.0016349
237190 -0.0020438
237222 -0.00162764
237255 -0.00204945
237287 -0.00161652
237320 -0.00204648
237352 -0.00162413
237400 -0.00204547
237431 -0.00163514
237464 -0.00204261
237498 -0.00162925
237530 -0.00203892
237562 -0.00162794
237595 -0.00205255
237629 -0.00164323
237663 -0.00204309
237696 -0.00164394
237729 -0.0020482
237760 -0.00163252
237791 -0.00204208
237824 -0.0016277
237875 -0.00204981
237907 -0.00162954
237943 -0.00203839
237975 -0.00163454
238010 -0.00204225
238045 -0.00162562
238078 -0.00204957
238128 -0.00164465
238177 -0.00203125
238228 -0.00164364
238264 -0.00204255
238296 -0.00163543
238329 -0.00203381
238363 -0.0016302
238396 -0.0020466
238448 -0.00164239
238481 -0.0020344
238514 -0.00163936
238547 -0.00203595
238581 -0.00164596
238613 -0.00204285
238646 -0.00162948
238679 -0.00205076
238715 -0.0016512
238749 -0.00201864
238782 -0.00163722
238815 -0.00204166
238848 -0.00164436
238881 -0.00203149
238915 -0.00164739
238949 -0.00202441
238982 -0.00164537
239013 -0.00204225
239044 -0.00164245
239092 -0.00202429
239124 -0.00164073
239172 -0.00203964
239222 -0.00161574
239271 -0.00202714
239303 -0.00165917
239332 -0.00202726
239362 -0.00164097
239411 -0.00202893
239442 -0.00165417
239491 -0.00205195
239521 -0.00164091
239553 -0.00202994
239584 -0.00165245
239615 -0.00202542
239646 -0.0016597
239691 -0.00202738
239720 -0.00164293
239751 -0.00201703
239780 -0.00163882
239827 -0.00203869
239857 -0.00164739
239887 -0.0020256
239916 -0.00165161
239946 -0.00202857
239994 -0.00165655
240025 -0.00203821
240056 -0.0016537
240086 -0.00203048
240134 -0.00165869
240166 -0.00202774
240215 -0.00164561
240259 -0.00202732
240306 -0.00164459
240336 -0.00201846
240369 -0.00164864
240400 -0.00203012
240451 -0.00166345
240482 -0.00202524
240534 -0.00164876
240565 -0.00203327
240600 -0.00165893
240633 -0.00203583
240665 -0.00164763
240697 -0.00201626
240729 -0.00165935
240761 -0.0020093
240794 -0.00165221
240825 -0.00202429
240876 -0.0016735
240910 -0.00201697
240944 -0.00165548
240977 -0.00201929
241010 -0.00166851
241043 -0.00202899
241075 -0.00166238
241108 -0.00202804
241142 -0.00167214
241173 -0.00201787
241205 -0.0016537
241250 -0.00202572
241301 -0.00165941
241351 -0.00201923
241389 -0.00166785
241420 -0.00201983
241452 -0.00166066
241483 -0.00201323
241514 -0.00166184
241564 -0.00202191
241612 -0.00167112
241645 -0.00201376
241675 -0.00166042
241707 -0.00199978
241739 -0.00168177
241771 -0.00200418
241803 -0.00166565
241836 -0.00201269
241869 -0.0016741
241919 -0.00199532
241950 -0.00167178
241981 -0.00200662
242013 -0.00167291
242045 -0.00201721
242077 -0.00166922
242108 -0.00200704
242158 -0.00167737
