Время (мс)Сигнал (В) 
672577 -0.00175601
672587 -0.00195642
672597 -0.00174459
672607 -0.00195731
672617 -0.00175209
672627 -0.00194851
672637 -0.00173704
672647 -0.00193709
672657 -0.00175393
672667 -0.00195184
672677 -0.00176166
672687 -0.00194797
672697 -0.00175982
672707 -0.00196141
672725 -0.00172092
672733 -0.00195428
672740 -0.00174405
672748 -0.00195487
672760 -0.00175226
672773 -0.00196326
672788 -0.00176041
672811 -0.0019682
672828 -0.00172597
672846 -0.00194375
672865 -0.00174245
672886 -0.00196701
672906 -0.00174572
672929 -0.00196028
672952 -0.00175441
672977 -0.00196534
673000 -0.0017393
673026 -0.00196124
673058 -0.00174929
673098 -0.00196647
673140 -0.00172895
673192 -0.00196498
673244 -0.00174655
673296 -0.00196605
673352 -0.00175637
673412 -0.00195303
673476 -0.00173144
673544 -0.00195898
673611 -0.00174614
673677 -0.00195749
673733 -0.00175506
673768 -0.00196391
673794 -0.00173483
673820 -0.00195404
673849 -0.00173834
673875 -0.00196516
673904 -0.00174768
673930 -0.00196076
673956 -0.00175934
673982 -0.0019613
674008 -0.00174007
674033 -0.00196136
674058 -0.00174376
674088 -0.00195743
674115 -0.0017453
674141 -0.00196088
674170 -0.00176214
674197 -0.0019701
674224 -0.00173549
674251 -0.00197831
674278 -0.00174959
674306 -0.00198009
674332 -0.00174084
674360 -0.00196141
674388 -0.00173483
674432 -0.00195999
674475 -0.00173817
674525 -0.00196201
674573 -0.00175137
674624 -0.00197712
674678 -0.00174721
674727 -0.00196284
674780 -0.00175375
674830 -0.00197052
674875 -0.00173085
674920 -0.00196814
674948 -0.00175173
674976 -0.00195999
675004 -0.00173406
675033 -0.0019566
675061 -0.00173781
675089 -0.00197974
675117 -0.00172686
675144 -0.00196665
675171 -0.00173965
675198 -0.0019811
675225 -0.00174257
675253 -0.00195553
675279 -0.00173983
675306 -0.00197908
675334 -0.00172157
675361 -0.00197069
675389 -0.00172728
675418 -0.00197307
675448 -0.00171497
675475 -0.0019836
675518 -0.00174304
675562 -0.00197301
675608 -0.00170694
675651 -0.00196528
675693 -0.00174423
675734 -0.00197724
675776 -0.00173519
675821 -0.00197777
675868 -0.0017415
675914 -0.00197873
675960 -0.00172793
676003 -0.00196451
676046 -0.00173596
676072 -0.00198384
676099 -0.0017409
676126 -0.00199241
676151 -0.00172591
676179 -0.00197896
676205 -0.00171348
676231 -0.00197635
676257 -0.00173073
676283 -0.00199044
676309 -0.00172633
676336 -0.00198563
676363 -0.00174322
676389 -0.00197296
676431 -0.00171277
676458 -0.0019751
676485 -0.00173507
676515 -0.00198693
676557 -0.00173246
676600 -0.00197516
676644 -0.00173198
676686 -0.00196808
676731 -0.00172222
676779 -0.00196843
676806 -0.00173573
676857 -0.00197807
676900 -0.00172972
676943 -0.00199871
676985 -0.0017268
677033 -0.00195457
677075 -0.00171723
677105 -0.00197623
677132 -0.00172805
677159 -0.00200008
677185 -0.00171961
677212 -0.0019861
677240 -0.00173507
677266 -0.0019861
677293 -0.00171693
677320 -0.00199163
677347 -0.00172996
677373 -0.00197759
677399 -0.00171717
677427 -0.00199187
677471 -0.00171277
677501 -0.00198461
677529 -0.00170985
677557 -0.00196124
677601 -0.00173656
677627 -0.00198408
677670 -0.00171978
677713 -0.00198848
677760 -0.00171657
677804 -0.00198402
677850 -0.00171104
677894 -0.00198253
677937 -0.0017208
677982 -0.00199074
678026 -0.00172401
678074 -0.00198348
678120 -0.00173388
678150 -0.0019952
678182 -0.00171092
678210 -0.00199717
678240 -0.00172442
678273 -0.00199508
678302 -0.00171669
678332 -0.00197932
678360 -0.00173156
678389 -0.00200192
678418 -0.00172401
678446 -0.00198075
678475 -0.0017252
678502 -0.00198604
678530 -0.00173751
678558 -0.00199609
678586 -0.0017393
678615 -0.00199199
678645 -0.00170575
678673 -0.00198277
678702 -0.00172734
678749 -0.00198551
678794 -0.00172258
678839 -0.00199419
678885 -0.00172746
678933 -0.00200353
678978 -0.00171782
679024 -0.00199009
679071 -0.00172561
679116 -0.00199122
679161 -0.00172912
679189 -0.00200073
679218 -0.00172954
679246 -0.00199717
679274 -0.00170039
679303 -0.00199134
679330 -0.00174524
679374 -0.0019911
679401 -0.00172145
679429 -0.00198182
679459 -0.00172318
679486 -0.00200877
679513 -0.00170723
679541 -0.00198455
679568 -0.00171645
679598 -0.00198592
679626 -0.0017299
679653 -0.00197147
679681 -0.00173781
679707 -0.00198753
679735 -0.0017061
679777 -0.00198265
679822 -0.00173525
679865 -0.00199372
679909 -0.00172282
679952 -0.00199151
679994 -0.0017293
680037 -0.00200175
680081 -0.00170039
680124 -0.00199009
680168 -0.00172591
680210 -0.00199348
680253 -0.00172448
680279 -0.00198485
680308 -0.0017384
680336 -0.00199919
680362 -0.00172621
680405 -0.00199865
680432 -0.00172829
680459 -0.00198771
680501 -0.00171622
680529 -0.00198426
680560 -0.00173388
680588 -0.00200192
680616 -0.0017017
680644 -0.0019701
680673 -0.00173555
680703 -0.00199407
680731 -0.00171574
680761 -0.00199574
680789 -0.00173228
680817 -0.00199675
680864 -0.00170456
680909 -0.00199092
680952 -0.00172294
680995 -0.00199473
681024 -0.00171205
681070 -0.00199288
681113 -0.00171086
681157 -0.00199836
681204 -0.00170926
681249 -0.00198313
681293 -0.00171663
681321 -0.00199901
681350 -0.00173246
681379 -0.00198771
681407 -0.00173103
681436 -0.00201114
681464 -0.0017108
681493 -0.00198426
681535 -0.00172258
681565 -0.00198563
681592 -0.00171973
681619 -0.00199282
681646 -0.00171633
681673 -0.00199544
681719 -0.00169016
681748 -0.00198069
681776 -0.00171681
681803 -0.00199116
681829 -0.00172056
681857 -0.00198664
681899 -0.00172674
681939 -0.00198682
681981 -0.00170759
682022 -0.00198045
682066 -0.00172621
682108 -0.0019726
682150 -0.00170842
682192 -0.00198259
682234 -0.0017064
682277 -0.0020049
682320 -0.00169397
682363 -0.00198937
682388 -0.00171086
682415 -0.00198682
682442 -0.00171122
682468 -0.00197153
682498 -0.00172312
682526 -0.00199056
682568 -0.00169766
682596 -0.00199074
682624 -0.00171342
682651 -0.0020002
682679 -0.00170908
682709 -0.00198366
682753 -0.00171461
682780 -0.00199901
682808 -0.00170598
682836 -0.00198866
682865 -0.0017089
682896 -0.00199473
682943 -0.0017114
682972 -0.00200002
683018 -0.00171639
683066 -0.00199259
683112 -0.00170961
683142 -0.00198646
683204 -0.00171324
683236 -0.00197718
683265 -0.00170943
683312 -0.00200175
683358 -0.00171407
683405 -0.00199621
683435 -0.00171098
683465 -0.00198682
683496 -0.00170236
683526 -0.00199871
683556 -0.0017083
683586 -0.00199092
683617 -0.00172312
683648 -0.00199134
683680 -0.00169855
683709 -0.00200936
683739 -0.00171437
683769 -0.00200645
683799 -0.00170277
683832 -0.00200282
683862 -0.00171401
683891 -0.00199199
683921 -0.00169962
683951 -0.00198384
683980 -0.00170777
684010 -0.00199669
684058 -0.00171568
684105 -0.00199556
684153 -0.00171586
684182 -0.0019955
684230 -0.00170188
684277 -0.00199021
684308 -0.00171967
684357 -0.00201495
684404 -0.00170099
684450 -0.00200044
684479 -0.00172871
684509 -0.00200633
684538 -0.00170634
684567 -0.00199389
684597 -0.00171306
684627 -0.00199294
684656 -0.00171812
684685 -0.00199913
684715 -0.00172746
684744 -0.00198682
684776 -0.00172175
684804 -0.0019952
684832 -0.0017205
684878 -0.00199633
684906 -0.00169046
684935 -0.00200317
684962 -0.00171925
684989 -0.00199907
685016 -0.00171247
685043 -0.00197611
685089 -0.00171277
685134 -0.00199919
685178 -0.00171633
685223 -0.00201138
685268 -0.00171622
685312 -0.00201043
685339 -0.0016904
685384 -0.00199336
685427 -0.00169843
685472 -0.00201198
685515 -0.00170932
685543 -0.00200502
685571 -0.00171104
685599 -0.00200543
685627 -0.00169569
685673 -0.00199264
685701 -0.0017158
685730 -0.00199788
685758 -0.00170872
685787 -0.00200413
685818 -0.00168421
685847 -0.00200793
685876 -0.00169421
685926 -0.00201043
685954 -0.00170128
685983 -0.00198914
686012 -0.00171098
686041 -0.00199752
686069 -0.00170937
686100 -0.00201519
686129 -0.00171193
686176 -0.00199711
686224 -0.0016929
686253 -0.0020074
686300 -0.00171348
686343 -0.00199865
686372 -0.00169968
686421 -0.0019999
686469 -0.00170527
686515 -0.0020052
686560 -0.00170604
686589 -0.00200032
686619 -0.00171241
686648 -0.00201037
686679 -0.00170908
686708 -0.00199889
686736 -0.00170723
686766 -0.00198985
686795 -0.0017199
686823 -0.00201204
686854 -0.00170949
686883 -0.00199681
686913 -0.00172496
686960 -0.00199282
686989 -0.00169718
687018 -0.00200121
687047 -0.00170789
687076 -0.00197765
687106 -0.00171092
687134 -0.00201573
687165 -0.0017152
687213 -0.00201281
687260 -0.00168861
687289 -0.00200068
687333 -0.00171015
687376 -0.00199955
687406 -0.00170575
687451 -0.00200603
687496 -0.00171604
687542 -0.00200115
687585 -0.00168457
687628 -0.00200436
687656 -0.00171056
687684 -0.00201638
687711 -0.00170117
687739 -0.00198753
687768 -0.00171746
687796 -0.00201329
687824 -0.00170908
687852 -0.00200389
687896 -0.00171413
687924 -0.0020068
687953 -0.00170967
688000 -0.00199116
688029 -0.00170563
688057 -0.00200175
688085 -0.001702
688114 -0.00199734
688144 -0.00172288
688172 -0.00200823
688201 -0.00170949
688247 -0.00200585
688292 -0.00171598
688321 -0.00200841
688367 -0.0017039
688412 -0.00198806
688442 -0.0017036
688486 -0.00200407
688532 -0.00171158
688580 -0.00199788
688623 -0.00169742
688666 -0.00200948
688696 -0.00169825
688725 -0.00199895
688756 -0.00171205
688786 -0.00201132
688816 -0.00170943
688847 -0.00200734
688877 -0.0017158
688908 -0.00199639
688941 -0.00169789
688972 -0.0019845
689002 -0.00171241
689035 -0.00199104
689065 -0.00171633
689095 -0.00198961
689128 -0.00172651
689158 -0.00201317
689187 -0.00168927
689218 -0.00200068
689247 -0.00171247
689292 -0.00200258
689336 -0.00171039
689367 -0.00200573
689410 -0.00170854
689457 -0.00200567
689487 -0.0016951
689516 -0.0020052
689560 -0.00171883
689610 -0.00200573
689655 -0.00170824
689701 -0.00199389
689731 -0.00171723
689759 -0.00200073
689787 -0.00169992
689815 -0.00198051
689861 -0.00171294
689890 -0.00201489
689918 -0.00170337
689945 -0.00200038
689974 -0.00171384
690002 -0.00201602
690048 -0.00170123
690079 -0.00199496
690108 -0.00170319
690138 -0.0020143
690169 -0.00170355
690198 -0.00200686
690227 -0.00171378
690257 -0.00200567
690287 -0.00168695
690334 -0.00200555
690381 -0.00171949
690410 -0.00200103
690462 -0.00169492
690490 -0.00199871
690520 -0.00172258
690551 -0.00199669
690598 -0.00169343
690647 -0.00200484
690692 -0.00171045
690740 -0.00200062
690769 -0.00172347
690799 -0.00200526
690829 -0.00172442
690858 -0.00199449
690904 -0.00169438
690932 -0.0019974
690962 -0.0017208
690991 -0.0020065
691020 -0.00171033
691050 -0.00200282
691081 -0.00171996
691109 -0.00200555
691138 -0.00169873
691184 -0.00197349
691211 -0.00170723
691241 -0.00199389
691270 -0.00170557
691299 -0.00199836
691329 -0.0017183
691377 -0.00200294
691428 -0.00168998
691458 -0.00201346
691505 -0.0016851
691536 -0.00199419
691565 -0.00170295
691593 -0.00201126
691639 -0.00172306
691686 -0.0020159
691732 -0.0016929
691778 -0.00201299
691808 -0.00169831
691840 -0.0020099
691870 -0.00169593
691901 -0.00200888
691945 -0.00172062
691974 -0.00201049
692005 -0.0017067
692033 -0.00200662
692066 -0.00169908
692097 -0.00200621
692127 -0.00170646
692157 -0.00200954
692187 -0.00170224
692218 -0.00200841
692248 -0.00170355
692288 -0.00200353
692329 -0.00171622
692361 -0.00201578
692391 -0.00171342
692421 -0.00200853
692474 -0.00170741
692504 -0.00202025
692554 -0.0016954
692585 -0.00200758
692618 -0.00170765
692651 -0.00202132
692682 -0.00170819
692734 -0.00200841
692765 -0.00168522
692815 -0.00201132
692849 -0.00170824
692883 -0.00200038
692914 -0.00170557
692942 -0.00199366
692986 -0.00171455
693016 -0.00197391
693045 -0.00171503
693075 -0.00201632
693104 -0.001697
693133 -0.00199455
693167 -0.0017152
693196 -0.00201073
693224 -0.00172425
693252 -0.00201662
693283 -0.00171199
693327 -0.00201507
693373 -0.00169992
