Время (мс)Сигнал (В) 
1134234 -0.0105972
1134244 -0.0110756
1134254 -0.0107164
1134264 -0.0113345
1134274 -0.0107478
1134284 -0.0111808
1134294 -0.0105569
1134304 -0.0110883
1134314 -0.0107046
1134324 -0.0112671
1134334 -0.0108099
1134344 -0.0112627
1134354 -0.0107034
1134364 -0.0111435
1134374 -0.0107446
1134384 -0.0112464
1134394 -0.0108092
1134404 -0.0112149
1134414 -0.0106285
1134424 -0.0111058
1134434 -0.010462
1134444 -0.0111512
1134454 -0.0106624
1134464 -0.0112735
1134474 -0.0107191
1134484 -0.0112306
1134494 -0.0106856
1134506 -0.01121
1134517 -0.0107587
1134529 -0.0112787
1134541 -0.0106829
1134554 -0.0111405
1134568 -0.0106791
1134585 -0.0112327
1134604 -0.0106666
1134624 -0.011154
1134646 -0.0106854
1134677 -0.0110709
1134707 -0.0106413
1134732 -0.0112131
1134759 -0.010698
1134787 -0.0111876
1134816 -0.0106911
1134846 -0.0111855
1134879 -0.0107116
1134913 -0.0112842
1134947 -0.0107079
1134981 -0.0113375
1135016 -0.0107521
1135053 -0.0112207
1135093 -0.0106565
1135131 -0.0112775
1135170 -0.0107313
1135211 -0.0112098
1135257 -0.0105307
1135298 -0.0110431
1135337 -0.0105918
1135374 -0.0111935
1135409 -0.0107019
1135443 -0.011131
1135476 -0.0106604
1135508 -0.0110906
1135534 -0.0107293
1135559 -0.0113103
1135584 -0.0108916
1135609 -0.0113388
1135629 -0.0107167
1135649 -0.0111083
1135670 -0.0105651
1135695 -0.0112162
1135719 -0.0107088
1135746 -0.0111977
1135771 -0.0106344
1135796 -0.0111184
1135820 -0.0105188
1135845 -0.0110308
1135870 -0.0106958
1135894 -0.0112568
1135919 -0.0107518
1135943 -0.0111274
1135968 -0.0105834
1135996 -0.0111847
1136020 -0.0108813
1136044 -0.0112986
1136070 -0.0107602
1136095 -0.0111573
1136119 -0.0106531
1136146 -0.0111396
1136173 -0.0106752
1136199 -0.0112241
1136230 -0.0106369
1136261 -0.0110968
1136288 -0.0104801
1136317 -0.0111353
1136344 -0.0106383
1136370 -0.0112882
1136401 -0.0107744
1136429 -0.0111953
1136456 -0.0107057
1136485 -0.0112241
1136514 -0.0108318
1136542 -0.0113546
1136571 -0.0107728
1136598 -0.0111147
1136626 -0.0105787
1136653 -0.0111773
1136680 -0.0107544
1136707 -0.0112146
1136733 -0.0105664
1136760 -0.0110593
1136786 -0.0105155
1136812 -0.0112049
1136840 -0.0107469
1136866 -0.0113564
1136893 -0.0107715
1136921 -0.0111063
1136947 -0.0105882
1136975 -0.0111334
1137001 -0.0107016
1137030 -0.0112999
1137056 -0.0107471
1137082 -0.0111942
1137109 -0.0106312
1137136 -0.0111537
1137163 -0.0107694
1137192 -0.0113022
1137218 -0.0107049
1137245 -0.0111608
1137272 -0.0105989
1137299 -0.0110986
1137325 -0.0106291
1137354 -0.0113304
1137383 -0.0106571
1137412 -0.0111783
1137442 -0.0105249
1137472 -0.011206
1137503 -0.0108061
1137533 -0.0113389
1137563 -0.0108128
1137595 -0.0111826
1137625 -0.0105725
1137656 -0.0111844
1137685 -0.0106905
1137715 -0.0112751
1137746 -0.010689
1137775 -0.0111708
1137805 -0.0106183
1137835 -0.0111177
1137866 -0.0106693
1137897 -0.0112467
1137925 -0.0107256
1137955 -0.011193
1137984 -0.0105512
1138012 -0.0111604
1138042 -0.0107028
1138072 -0.0113196
1138101 -0.010802
1138130 -0.0112773
1138158 -0.0105922
1138188 -0.0112404
1138220 -0.0107699
1138248 -0.011387
1138277 -0.0106747
1138302 -0.0111218
1138331 -0.0104497
1138357 -0.0110542
1138379 -0.0106348
1138403 -0.0112297
1138427 -0.0107003
1138449 -0.0111319
1138471 -0.0105787
1138497 -0.0111256
1138522 -0.0107982
1138547 -0.0114451
1138572 -0.0108447
1138595 -0.0113652
1138617 -0.010706
1138641 -0.0112416
1138664 -0.010691
1138688 -0.0112458
1138715 -0.0105388
1138749 -0.0111014
1138778 -0.0105601
1138801 -0.011051
1138825 -0.010486
1138850 -0.0112346
1138874 -0.0108057
1138899 -0.0112658
1138923 -0.0105493
1138948 -0.0111666
1138974 -0.010724
1139000 -0.0113171
1139025 -0.0107437
1139050 -0.0112187
1139075 -0.0106222
1139101 -0.0111589
1139127 -0.0106562
1139153 -0.0113135
1139180 -0.0107003
1139207 -0.0111703
1139234 -0.0104433
1139261 -0.0110374
1139287 -0.0105747
1139314 -0.0112476
1139341 -0.0106213
1139368 -0.0112715
1139395 -0.010602
1139423 -0.011177
1139451 -0.0107003
1139479 -0.0113657
1139507 -0.0108189
1139534 -0.0112801
1139561 -0.0106666
1139590 -0.0111355
1139621 -0.0106131
1139651 -0.0113382
1139683 -0.010724
1139715 -0.0112313
1139746 -0.0105543
1139777 -0.0110046
1139808 -0.0105233
1139837 -0.011218
1139867 -0.0106776
1139897 -0.0113058
1139928 -0.0105964
1139958 -0.0111943
1139988 -0.0106362
1140018 -0.0113409
1140050 -0.0107419
1140079 -0.0113195
1140107 -0.0106831
1140135 -0.0112444
1140163 -0.0106624
1140190 -0.0111997
1140219 -0.0106316
1140247 -0.0112309
1140275 -0.0105687
1140313 -0.0110771
1140356 -0.0105144
1140389 -0.0111909
1140420 -0.0107014
1140450 -0.0113228
1140480 -0.0106366
1140509 -0.0112025
1140540 -0.0106359
1140571 -0.011341
1140603 -0.0107552
1140635 -0.0113042
1140665 -0.0106122
1140696 -0.0112384
1140730 -0.0106264
1140761 -0.0112203
1140793 -0.0107039
1140825 -0.0111596
1140858 -0.0104537
1140892 -0.0110604
1140921 -0.0105107
1140948 -0.0112555
1140979 -0.0107622
1141006 -0.011253
1141034 -0.0106638
1141061 -0.0112246
1141088 -0.0106459
1141115 -0.0113459
1141142 -0.0107595
1141168 -0.0112673
1141195 -0.0105964
1141222 -0.0112758
1141250 -0.0105227
1141277 -0.0111441
1141304 -0.0106488
1141333 -0.0113342
1141362 -0.010639
1141393 -0.0111571
1141422 -0.0104913
1141452 -0.0112173
1141482 -0.0107144
1141512 -0.0112174
1141543 -0.0106697
1141572 -0.0111871
1141602 -0.0106526
1141632 -0.0112769
1141662 -0.010783
1141693 -0.0113392
1141723 -0.0106261
1141753 -0.0111624
1141783 -0.0105667
1141813 -0.0113232
1141844 -0.0106102
1141875 -0.0111705
1141907 -0.0105829
1141940 -0.0111427
1141974 -0.0106425
1142007 -0.0112464
1142040 -0.0106476
1142073 -0.0112886
1142106 -0.0106899
1142139 -0.011247
1142172 -0.0106206
1142205 -0.0113024
1142239 -0.0106887
1142272 -0.011183
1142304 -0.0105163
1142336 -0.0112202
1142369 -0.0105774
1142401 -0.0112037
1142432 -0.0105647
1142463 -0.0112101
1142496 -0.0106699
1142529 -0.0112458
1142562 -0.0106724
1142596 -0.0113196
1142629 -0.0107601
1142662 -0.0113714
1142696 -0.0105912
1142726 -0.0111955
1142759 -0.0105879
1142789 -0.0112658
1142821 -0.0105851
1142854 -0.0112376
1142884 -0.0106384
1142915 -0.0112576
1142946 -0.0106419
1142977 -0.0112415
1143009 -0.0106733
1143041 -0.0111945
1143072 -0.0106839
1143105 -0.0112134
1143141 -0.0105602
1143172 -0.0112074
1143205 -0.0106043
1143239 -0.0113956
1143272 -0.0106594
1143304 -0.01121
1143337 -0.0105183
1143367 -0.0112239
1143402 -0.0107512
1143432 -0.0113171
1143465 -0.0105784
1143495 -0.0111836
1143530 -0.010552
1143559 -0.0112808
1143591 -0.0107048
1143623 -0.0112825
1143655 -0.0106067
1143688 -0.0112237
1143722 -0.010579
1143754 -0.0111931
1143787 -0.0105718
1143819 -0.0111977
1143852 -0.0105568
1143885 -0.0112052
1143916 -0.0105986
1143947 -0.0113531
1143978 -0.010594
1144011 -0.0112833
1144043 -0.0106475
1144075 -0.0113411
1144108 -0.0106435
1144141 -0.0112905
1144175 -0.0106301
1144208 -0.0112962
1144241 -0.0106293
1144274 -0.0112709
1144309 -0.0105919
1144345 -0.0112206
1144380 -0.0106392
1144418 -0.01129
1144461 -0.0105662
1144504 -0.0111278
1144541 -0.0105271
1144579 -0.0112582
1144614 -0.010704
1144648 -0.0113138
1144682 -0.0105844
1144718 -0.0112061
1144753 -0.0105903
1144787 -0.0113451
1144822 -0.0106207
1144844 -0.0112706
1144878 -0.0105995
1144913 -0.0112473
1144945 -0.010554
1144980 -0.0111955
1145001 -0.0105979
1145037 -0.0113201
1145071 -0.0106793
1145108 -0.0111787
1145142 -0.0106417
1145163 -0.0112112
1145199 -0.0107113
1145234 -0.0113627
1145267 -0.0107389
1145299 -0.0112435
1145331 -0.0105144
1145361 -0.0112454
1145391 -0.0106797
1145423 -0.0113013
1145454 -0.0106543
1145487 -0.0113058
1145519 -0.0106196
1145553 -0.0112968
1145589 -0.0105686
1145622 -0.0112743
1145657 -0.0106055
1145693 -0.011271
1145728 -0.0105735
1145763 -0.0113015
1145799 -0.0106141
1145834 -0.0113674
1145869 -0.0107221
1145905 -0.0113181
1145940 -0.0106135
1145974 -0.0112499
1146009 -0.0106389
1146040 -0.0112917
1146072 -0.0105627
1146104 -0.0112144
1146141 -0.0105657
1146176 -0.0112151
1146210 -0.0105808
1146245 -0.0113609
1146278 -0.010617
1146313 -0.0112238
1146350 -0.01058
1146383 -0.0113143
1146421 -0.0106577
1146458 -0.0112729
1146483 -0.0105073
1146523 -0.0112547
1146546 -0.0106197
1146584 -0.0113201
1146619 -0.0106916
1146653 -0.0113115
1146688 -0.0106331
