Время (мс)Сигнал (В) 
137047 -0.00215337
137057 -0.00153758
137067 -0.00215593
137077 -0.00151022
137087 -0.00216836
137097 -0.00153907
137107 -0.00214647
137117 -0.00152425
137127 -0.00216842
137137 -0.00154722
137147 -0.00216128
137157 -0.00153925
137167 -0.00216473
137177 -0.0015393
137187 -0.00215444
137197 -0.00154038
137207 -0.00215308
137220 -0.00154454
137240 -0.00215861
137259 -0.00153121
137280 -0.00215409
137302 -0.00154061
137333 -0.00215379
137358 -0.00154347
137385 -0.00215165
137412 -0.0015581
137439 -0.00214397
137468 -0.00154989
137497 -0.00214207
137527 -0.0015471
137560 -0.00213725
137607 -0.00156459
137661 -0.00214707
137717 -0.00155269
137776 -0.00214731
137841 -0.00155459
137907 -0.00214397
137981 -0.00156209
138059 -0.00212768
138139 -0.00156667
138198 -0.00214332
138232 -0.00156952
138260 -0.00213559
138289 -0.00157839
138318 -0.0021454
138347 -0.00156447
138376 -0.00213107
138405 -0.00156476
138435 -0.00211322
138465 -0.0015741
138498 -0.00213047
138527 -0.00158017
138556 -0.00211798
138585 -0.00156905
138614 -0.00210864
138643 -0.00157517
138675 -0.00213124
138705 -0.00158166
138735 -0.00212595
138765 -0.00157416
138797 -0.00211982
138829 -0.00157107
138860 -0.00212173
138891 -0.00158124
138924 -0.00212268
138957 -0.00156691
139010 -0.00211007
139062 -0.00159397
139108 -0.00212107
139169 -0.00158535
139230 -0.0021153
139292 -0.00158737
139324 -0.00211935
139356 -0.0015976
139392 -0.00210204
139426 -0.00159243
139459 -0.00210352
139494 -0.00158094
139527 -0.00210013
139559 -0.00159504
139590 -0.00211292
139622 -0.00160147
139655 -0.0021062
139685 -0.00159475
139716 -0.00210305
139752 -0.00159338
139792 -0.00210816
139825 -0.00159933
139858 -0.00210233
139889 -0.00159433
139920 -0.00209656
139953 -0.00159641
139984 -0.0020874
140017 -0.00160379
140049 -0.00209454
140082 -0.00160438
140117 -0.00210894
140151 -0.00159909
140201 -0.00209716
140249 -0.00160147
140299 -0.00208401
140347 -0.00160331
140397 -0.00208806
140430 -0.00160224
140461 -0.0020896
140493 -0.00160432
140541 -0.00208485
140573 -0.00160694
140606 -0.00208395
140639 -0.00161705
140672 -0.00209151
140704 -0.00160402
140736 -0.00208836
140770 -0.00161408
140802 -0.0020814
140835 -0.00160694
140867 -0.0020921
140899 -0.00160676
140931 -0.0020852
140964 -0.00162318
140998 -0.00209151
141031 -0.00162145
141063 -0.0020745
141098 -0.0016202
141132 -0.00208532
141164 -0.00162925
141199 -0.00207021
141246 -0.00162871
141298 -0.00207521
141348 -0.00162354
141387 -0.00208068
141434 -0.00161967
141471 -0.00207438
141505 -0.00162966
141538 -0.00207099
141594 -0.00163472
141628 -0.00207795
141660 -0.00162598
141695 -0.0020695
141727 -0.00161937
141759 -0.00207033
141791 -0.00162508
141824 -0.00206373
141857 -0.00162996
141889 -0.00206646
141921 -0.00163478
141952 -0.00207687
141984 -0.00162841
142018 -0.0020645
142050 -0.00163085
142084 -0.00205855
142118 -0.00162919
142151 -0.0020579
142183 -0.00164846
142216 -0.00205974
142249 -0.00163264
142282 -0.00206474
142333 -0.00165625
142382 -0.00205778
142432 -0.00164543
142479 -0.00205576
142512 -0.00163799
142547 -0.00206712
142578 -0.00163989
142628 -0.00205005
142675 -0.00163674
142707 -0.00206105
142740 -0.0016459
142771 -0.00204987
142804 -0.00165459
142835 -0.0020488
142867 -0.00163537
142898 -0.00205088
142930 -0.00164965
142963 -0.00205891
142994 -0.00164055
143027 -0.00204017
143059 -0.0016625
143092 -0.00205832
143124 -0.00165393
143156 -0.0020341
143189 -0.00165292
143221 -0.00203518
143253 -0.00165042
143284 -0.0020435
143316 -0.00165935
143365 -0.0020466
143417 -0.00165274
143466 -0.00203351
143514 -0.00165715
143546 -0.00204654
143598 -0.00164989
143628 -0.00205552
143677 -0.00165935
143709 -0.00204493
143740 -0.00165834
143786 -0.00204422
143819 -0.00166625
143850 -0.00203625
143881 -0.00167011
143911 -0.00204826
143942 -0.00165596
143973 -0.00203107
144004 -0.00165393
144034 -0.00202786
144066 -0.0016578
144099 -0.00203315
144130 -0.0016619
144166 -0.00202173
144199 -0.00165685
144231 -0.00203993
144263 -0.0016666
144297 -0.00203803
144329 -0.00165607
144361 -0.00203613
144410 -0.00166964
144461 -0.00202697
144512 -0.00166565
144563 -0.00203595
144595 -0.00165744
144642 -0.00203077
144674 -0.00167921
144722 -0.00202274
144754 -0.00166321
144787 -0.00202459
144820 -0.00167041
144853 -0.00202822
144885 -0.00167095
144917 -0.00201995
144949 -0.00165988
144983 -0.00203494
145018 -0.00165584
145051 -0.00203173
145084 -0.00166387
145117 -0.00203482
145152 -0.00166119
145187 -0.00202108
145221 -0.0016694
145254 -0.00203256
145287 -0.00167463
145320 -0.00202203
145355 -0.00167297
145388 -0.0020325
145421 -0.00166666
