Время (мс)Сигнал (В) 
1123906 -0.0272997
1123916 -0.0270261
1123926 -0.0273233
1123936 -0.0269396
1123946 -0.0271402
1123956 -0.0268965
1123966 -0.0271978
1123976 -0.0270286
1123986 -0.0272484
1123996 -0.0270087
1124006 -0.0271134
1124016 -0.0268682
1124026 -0.0273419
1124036 -0.0270468
1124046 -0.0274325
1124056 -0.0270633
1124066 -0.0273419
1124076 -0.026978
1124086 -0.0271525
1124096 -0.0267925
1124106 -0.0270778
1124116 -0.0268613
1124126 -0.0272014
1124136 -0.0268156
1124146 -0.02738
1124156 -0.0271129
1124166 -0.0273426
1124176 -0.0269066
1124188 -0.0270941
1124199 -0.0269405
1124210 -0.0272853
1124223 -0.027045
1124235 -0.0271173
1124247 -0.0267826
1124260 -0.0270774
1124273 -0.0268469
1124286 -0.0272325
1124300 -0.0271412
1124315 -0.0274276
1124327 -0.0270517
1124340 -0.0271275
1124353 -0.0269656
1124368 -0.0271806
1124382 -0.0270709
1124396 -0.027406
1124411 -0.0270197
1124427 -0.0270418
1124444 -0.0266614
1124461 -0.0270686
1124475 -0.0269745
1124489 -0.0274006
1124504 -0.027083
1124520 -0.0272578
1124538 -0.0269876
1124556 -0.0271751
1124573 -0.0268747
1124590 -0.027313
1124611 -0.0269793
1124630 -0.0272719
1124651 -0.0270306
1124671 -0.0271024
1124691 -0.0269962
1124711 -0.027296
1124731 -0.026999
1124752 -0.0272117
1124773 -0.0269011
1124798 -0.0272114
1124821 -0.0269043
1124845 -0.0271523
1124875 -0.0268637
1124902 -0.0271354
1124929 -0.0269263
1124953 -0.0273358
1124976 -0.027064
1124999 -0.0272276
1125021 -0.0269908
1125048 -0.0272471
1125069 -0.0269907
1125089 -0.0273019
1125109 -0.0269945
1125130 -0.0272163
1125149 -0.0270227
1125167 -0.0271801
1125186 -0.026814
1125203 -0.0272242
1125221 -0.0270088
1125239 -0.0272616
1125257 -0.0269309
1125274 -0.0270965
1125291 -0.0268946
1125308 -0.0272474
1125325 -0.0270955
1125343 -0.0273513
1125361 -0.0271181
1125379 -0.0271934
1125397 -0.0267886
1125415 -0.0270847
1125433 -0.0269941
1125451 -0.0273073
1125469 -0.0269806
1125493 -0.027197
1125518 -0.0269247
1125544 -0.0271862
1125571 -0.0270702
1125600 -0.0272343
1125626 -0.0269864
1125651 -0.0272832
1125675 -0.0268467
1125704 -0.0270864
1125730 -0.0268062
1125760 -0.0272422
1125786 -0.0270515
1125861 -0.0273546
1125920 -0.0270749
1125943 -0.0273054
1125968 -0.0269101
1125992 -0.027196
1126015 -0.0269815
1126038 -0.0272001
1126064 -0.0268176
1126089 -0.0271007
1126111 -0.0268982
1126133 -0.0271921
1126158 -0.0270148
1126180 -0.0271098
1126203 -0.0269372
1126227 -0.0273851
1126247 -0.0270699
1126265 -0.0272656
1126284 -0.0269941
1126305 -0.0271768
1126326 -0.0269335
1126344 -0.0271781
1126363 -0.0269138
1126381 -0.027277
1126400 -0.0269354
1126419 -0.0270731
1126441 -0.0268063
1126461 -0.0271518
1126481 -0.0269534
1126500 -0.0273001
1126521 -0.0269677
1126540 -0.0272692
1126560 -0.0269241
1126582 -0.027197
1126604 -0.0269422
1126625 -0.0273698
1126649 -0.027131
1126672 -0.0272631
1126695 -0.0268725
1126717 -0.0270931
1126739 -0.0269444
1126761 -0.0272916
1126783 -0.0269187
1126807 -0.0271294
1126830 -0.0269091
1126854 -0.0270867
1126879 -0.0269057
1126903 -0.027172
1126928 -0.0269852
1126956 -0.0273601
1126981 -0.0270693
1127006 -0.0273322
1127033 -0.0270835
1127057 -0.0272958
1127083 -0.0270347
1127107 -0.0272483
1127131 -0.0268629
1127154 -0.0271842
1127179 -0.0267592
1127204 -0.0271031
1127227 -0.0269124
1127250 -0.0271401
1127272 -0.0269859
1127294 -0.0273025
1127316 -0.0271109
1127340 -0.0275021
1127361 -0.026999
1127378 -0.0272461
1127395 -0.0269245
1127412 -0.0272111
1127429 -0.0269558
1127446 -0.0272755
1127463 -0.0269284
1127481 -0.0271895
1127499 -0.026838
1127517 -0.0271272
1127535 -0.0270059
1127553 -0.0272916
1127571 -0.0270087
1127588 -0.0272465
1127604 -0.0269223
1127622 -0.027154
1127640 -0.0268881
1127659 -0.0272653
1127677 -0.0269708
1127694 -0.0273109
1127712 -0.0270203
1127731 -0.027271
1127749 -0.0270441
1127768 -0.027351
1127786 -0.0269583
1127804 -0.0270944
1127822 -0.0268328
1127840 -0.0270573
1127859 -0.0269521
1127877 -0.0272774
1127897 -0.0270679
1127916 -0.0272958
1127936 -0.0269542
1127955 -0.0272447
1127976 -0.0271902
1127996 -0.0273418
1128015 -0.026922
1128036 -0.0272278
1128059 -0.026907
1128079 -0.0270866
1128100 -0.0269143
1128121 -0.0271341
1128141 -0.0269109
1128160 -0.0271891
1128180 -0.0269022
1128200 -0.0271872
1128223 -0.0269831
1128246 -0.0273208
1128269 -0.0269549
1128294 -0.027324
1128319 -0.0269742
1128343 -0.0271972
1128368 -0.0267944
1128404 -0.0272732
1128437 -0.0268976
1128470 -0.0272176
1128501 -0.0268622
1128531 -0.0271959
1128562 -0.0269498
1128593 -0.027309
1128624 -0.0269106
1128655 -0.0271311
1128684 -0.026927
1128713 -0.0272722
1128742 -0.0270051
1128770 -0.0273762
1128798 -0.0269761
1128824 -0.027276
1128851 -0.0269094
1128878 -0.027313
1128904 -0.0270626
1128930 -0.0273747
1128958 -0.0270604
1128984 -0.0270277
1129009 -0.0266571
1129035 -0.0271019
1129054 -0.0270087
1129073 -0.027263
1129091 -0.0269587
1129108 -0.0273831
1129126 -0.0269743
1129145 -0.0271901
1129163 -0.0270074
1129181 -0.0274682
1129199 -0.0270906
1129215 -0.0273193
1129231 -0.0268891
1129247 -0.0271844
1129263 -0.0269273
1129280 -0.0272596
1129296 -0.0268966
1129313 -0.0272995
1129331 -0.0269573
1129347 -0.0271719
1129365 -0.0268872
1129383 -0.0273913
1129401 -0.0269956
1129420 -0.0273048
1129439 -0.0268942
1129458 -0.0273339
1129478 -0.0270044
1129497 -0.0272901
1129517 -0.0269793
1129536 -0.0272768
1129556 -0.0269223
1129577 -0.0271976
1129598 -0.0269892
1129618 -0.0273275
1129639 -0.0270113
1129659 -0.0272699
1129680 -0.0268476
1129702 -0.0272694
1129723 -0.0268645
1129745 -0.0272283
1129766 -0.0269637
1129789 -0.0273527
1129811 -0.0270272
1129833 -0.027323
1129855 -0.0269175
1129878 -0.0273311
1129900 -0.0269889
1129923 -0.0272816
1129946 -0.0269311
1129968 -0.0271243
1129991 -0.0268526
1130013 -0.0272669
1130037 -0.0268786
1130072 -0.0272779
1130109 -0.026878
1130146 -0.0271993
1130181 -0.0269661
1130217 -0.0273126
1130252 -0.0270538
1130293 -0.0272699
1130333 -0.0268897
1130371 -0.0272044
1130409 -0.026864
1130446 -0.0272407
1130487 -0.0269843
1130525 -0.0273729
1130561 -0.0269019
1130594 -0.027124
1130625 -0.0267423
1130656 -0.027302
1130680 -0.0269704
1130705 -0.0271744
1130727 -0.0267543
1130750 -0.027163
1130772 -0.0269309
1130794 -0.0274213
1130816 -0.0270838
1130835 -0.0273929
1130855 -0.0269294
1130875 -0.0271956
1130894 -0.0268404
1130915 -0.0273601
1130935 -0.0269351
1130956 -0.0273941
1130976 -0.0268764
1130998 -0.0270869
1131020 -0.0268243
1131040 -0.0272356
1131061 -0.0269664
1131084 -0.0272584
1131105 -0.0267803
1131128 -0.0271574
1131151 -0.0267619
1131173 -0.0274516
1131199 -0.0270314
1131222 -0.0273549
1131246 -0.0269393
1131270 -0.0271732
1131294 -0.0268138
1131319 -0.0273652
1131346 -0.026943
1131372 -0.0273828
1131399 -0.026861
1131428 -0.0272251
1131456 -0.0267641
1131484 -0.0272925
1131515 -0.0269759
1131544 -0.0274142
1131574 -0.0267817
1131604 -0.02718
1131635 -0.0269035
1131666 -0.0273032
1131697 -0.0269631
1131730 -0.0273948
1131762 -0.0269601
1131794 -0.0273049
1131825 -0.0267861
1131858 -0.0272979
1131889 -0.0269902
1131921 -0.0273939
1131952 -0.0268953
1131983 -0.0272516
1132012 -0.0268066
1132041 -0.0272719
1132072 -0.0269718
1132103 -0.0273585
1132133 -0.0269532
1132163 -0.0273324
1132192 -0.0267988
1132221 -0.027184
1132253 -0.0269539
1132282 -0.0273261
1132314 -0.0269334
1132344 -0.0273628
1132376 -0.0268226
1132404 -0.0273333
1132432 -0.0269771
1132461 -0.0273826
1132489 -0.0268406
1132518 -0.0271926
1132547 -0.0267107
1132575 -0.0272648
1132600 -0.0268343
1132627 -0.0274543
1132655 -0.0269198
1132681 -0.0272205
1132707 -0.0268532
1132732 -0.0273135
1132757 -0.0269345
1132786 -0.0274052
1132813 -0.026789
1132841 -0.0272994
1132870 -0.0268822
1132898 -0.0272795
1132926 -0.0269285
1132954 -0.0274647
1132982 -0.026907
1133011 -0.0271799
1133040 -0.0266762
1133068 -0.0271771
1133094 -0.0269982
1133120 -0.0274381
1133145 -0.0268787
1133170 -0.0271435
1133196 -0.0266594
1133221 -0.0272208
1133247 -0.0268761
1133273 -0.0274942
1133299 -0.0270122
1133323 -0.0273859
1133348 -0.0267534
1133373 -0.0272669
1133399 -0.0269512
1133423 -0.027403
1133449 -0.0268118
1133474 -0.0273212
1133500 -0.0267868
1133527 -0.027269
1133554 -0.0268089
1133580 -0.0273059
1133607 -0.0269499
1133633 -0.0273066
1133658 -0.0268432
1133684 -0.0272547
1133710 -0.0268749
1133736 -0.0273742
1133763 -0.0268985
1133790 -0.0273362
1133817 -0.026777
1133846 -0.0272524
1133872 -0.0268919
1133899 -0.0275065
1133926 -0.0270455
