Время (мс),Сигнал (В) 
642359, -0.00306166
642369, -0.00191948
642379, -0.00307445
642389, -0.00192549
642399, -0.00306398
642409, -0.00193066
642419, -0.00306838
642429, -0.00191061
642439, -0.00307159
642449, -0.00192299
642459, -0.00306439
642469, -0.00191805
642479, -0.00306249
642489, -0.00193078
642499, -0.00305862
642509, -0.00191537
642519, -0.00306606
642532, -0.00191918
642550, -0.0030563
642570, -0.00190806
642597, -0.00305726
642625, -0.0019378
642656, -0.00306451
642688, -0.00191174
642722, -0.00306695
642759, -0.00191514
642796, -0.00306106
642834, -0.00192668
642874, -0.00306642
642914, -0.00193078
642957, -0.00307528
643003, -0.00191543
643064, -0.00306321
643133, -0.00192935
643207, -0.00305868
643287, -0.00192733
643360, -0.00306612
643430, -0.00193631
643473, -0.00306999
643505, -0.00191966
643536, -0.00306207
643564, -0.00191531
643592, -0.00305666
643621, -0.00191948
643650, -0.0030544
643679, -0.00193036
643707, -0.0030757
643735, -0.00192132
643764, -0.00306606
643792, -0.00191079
643822, -0.00306291
643851, -0.00192132
643881, -0.00306053
643911, -0.00192662
643942, -0.00306374
643972, -0.00191502
644002, -0.00305012
644034, -0.00192031
644066, -0.00305815
644097, -0.0019077
644129, -0.00305636
644162, -0.00192792
644195, -0.00305981
644230, -0.00191912
644263, -0.00305333
644316, -0.00193375
644368, -0.00306017
644423, -0.00191983
644485, -0.00305702
644539, -0.0019171
644572, -0.00305928
644607, -0.00191323
644641, -0.00304607
644675, -0.00193239
644712, -0.00305232
644744, -0.00192001
644777, -0.00303769
644810, -0.00192822
644844, -0.00305494
644878, -0.00192882
644911, -0.00306207
644945, -0.00193703
644979, -0.00304268
645011, -0.00193453
645043, -0.00304738
645075, -0.00193286
645107, -0.00306291
645139, -0.00192424
645172, -0.0030381
645203, -0.00192578
645235, -0.00304923
645267, -0.00192394
645299, -0.00305517
645332, -0.00194381
645367, -0.00304298
645400, -0.0019303
645435, -0.00304601
645468, -0.00194393
645522, -0.00304762
645576, -0.00192715
645609, -0.0030434
645643, -0.00194387
645677, -0.00304125
645712, -0.00192614
645765, -0.0030343
645798, -0.0019375
645832, -0.00304441
645865, -0.00194422
645898, -0.00304494
645932, -0.00194238
645966, -0.00304548
646002, -0.00192727
646035, -0.00304244
646069, -0.00193655
646103, -0.00304197
646136, -0.00193607
646170, -0.0030337
646204, -0.00195523
646237, -0.00304732
646270, -0.00192721
646302, -0.00303263
646336, -0.00194684
646371, -0.00303917
646405, -0.00193691
646438, -0.00304084
646471, -0.00195071
646504, -0.00304042
646538, -0.00193691
646572, -0.00303186
646629, -0.00193536
646663, -0.00302371
646699, -0.00194648
646734, -0.00302739
646769, -0.00195594
646802, -0.00304125
646836, -0.00195237
646870, -0.00302579
646904, -0.00195166
646938, -0.00303132
646972, -0.00193685
647006, -0.00303632
647039, -0.00195166
647073, -0.0030343
647106, -0.00195178
647140, -0.00302293
647174, -0.00194833
647206, -0.00303096
647241, -0.00194869
647276, -0.00303132
647309, -0.00195737
647343, -0.00303019
647379, -0.00193851
647414, -0.00301948
647448, -0.00195243
647484, -0.00303215
647518, -0.00195154
647552, -0.00302597
647586, -0.00196213
647620, -0.00303174
647676, -0.00196076
647710, -0.00302585
647744, -0.00195434
647778, -0.00301205
647812, -0.00196974
647846, -0.00302234
647882, -0.00197206
647916, -0.00302323
647950, -0.0019516
647984, -0.00301389
648017, -0.00196558
648051, -0.00301038
648085, -0.00195148
648118, -0.00301615
648152, -0.00197296
648188, -0.00301127
648221, -0.00195773
648255, -0.00301466
648289, -0.00196189
648322, -0.00301116
648358, -0.00196082
648391, -0.00302745
648425, -0.0019654
648459, -0.00300723
648493, -0.00195969
648527, -0.00300604
648561, -0.0019698
648594, -0.00300348
648628, -0.00196136
648661, -0.00301169
648716, -0.00196849
648750, -0.00300901
648784, -0.00196362
648817, -0.00301032
648854, -0.00197522
648888, -0.00300669
648921, -0.00198414
648954, -0.00300437
648988, -0.00197141
649022, -0.00301609
649057, -0.00197022
649090, -0.00299254
649123, -0.00197319
649156, -0.00301133
649189, -0.00196701
649223, -0.00300842
649256, -0.00198039
649289, -0.00300687
649349, -0.00197849
649382, -0.0030124
649416, -0.00196843
649449, -0.00300515
649483, -0.00197759
649517, -0.00299741
649551, -0.00197462
649585, -0.00300669
649619, -0.00197664
649655, -0.00299557
649691, -0.00198438
649725, -0.00299385
649759, -0.00198051
649793, -0.00299878
649827, -0.00198301
649861, -0.00300449
649897, -0.00198473
649930, -0.0029854
649964, -0.00198676
650000, -0.00298635
650034, -0.00199253
650067, -0.0029926
650101, -0.00198979
650135, -0.00300086
650170, -0.00198384
650203, -0.00298451
650236, -0.00199038
650270, -0.00298938
650303, -0.00198682
650338, -0.00298784
650390, -0.00198253
650423, -0.00298147
650457, -0.00198265
650492, -0.00299034
650526, -0.00198105
650559, -0.00298492
650592, -0.00199128
650626, -0.00298183
650659, -0.0020024
650693, -0.00299325
650727, -0.0019886
650761, -0.00298587
650794, -0.00198723
650828, -0.00298534
650861, -0.00199937
650912, -0.00299182
650946, -0.00200026
650980, -0.00297493
651016, -0.00198009
651051, -0.00297189
651085, -0.00199586
651119, -0.00297398
651155, -0.00199455
651189, -0.00298849
651223, -0.0019996
651257, -0.00298534
651291, -0.00199259
651325, -0.00295869
651360, -0.00200163
651393, -0.00297416
651430, -0.0020027
651463, -0.00297356
651497, -0.00199871
651531, -0.00298088
651565, -0.0019955
651599, -0.00297499
651633, -0.00200621
651668, -0.00296898
651702, -0.00199443
651735, -0.00297921
651769, -0.0020118
651803, -0.00296464
651836, -0.00200633
651869, -0.00296154
651904, -0.00200888
651956, -0.00295839
651990, -0.00202453
652025, -0.00295994
652059, -0.00201162
652093, -0.00297469
652125, -0.00202268
652158, -0.00296714
652192, -0.00200472
652225, -0.00296517
652260, -0.00200448
652294, -0.00297546
652327, -0.00201275
652361, -0.00295845
652395, -0.00202251
652429, -0.00295625
652479, -0.00201436
652514, -0.00295881
652550, -0.00201222
652584, -0.00296422
652619, -0.00202126
652655, -0.00295988
652688, -0.00202911
652722, -0.00295875
652756, -0.00201269
652789, -0.0029594
652823, -0.0020237
652857, -0.00296529
652891, -0.00203107
652924, -0.00295542
652961, -0.00202203
652994, -0.0029547
653028, -0.0020234
653075, -0.00293573
653111, -0.00203357
653144, -0.00296012
653178, -0.00204101
653212, -0.0029418
653245, -0.00202608
653279, -0.00294548
653313, -0.00202084
653345, -0.00294144
653379, -0.00203012
653413, -0.00294774
653447, -0.0020444
653481, -0.00294001
653514, -0.00202697
653569, -0.0029412
653602, -0.00203304
653636, -0.00292716
653670, -0.00204136
653703, -0.00293805
653747, -0.00204309
653782, -0.00293644
653814, -0.00205183
653847, -0.00294096
653880, -0.00204487
653913, -0.00293662
653946, -0.00203714
653978, -0.00292835
654011, -0.00204285
654045, -0.00293942
654078, -0.00205368
654110, -0.00292675
654160, -0.00204642
654193, -0.00293608
654229, -0.00204511
654263, -0.0029365
654301, -0.00204975
654335, -0.00292978
654369, -0.00204309
654405, -0.00293561
654439, -0.00205183
654472, -0.00292163
654509, -0.00203762
654543, -0.00294245
654577, -0.00205707
654612, -0.00293775
654646, -0.00205154
654680, -0.00291854
654714, -0.0020645
654748, -0.00291955
654782, -0.00206159
654837, -0.00293252
654870, -0.00206456
654904, -0.0029186
654937, -0.00205433
654970, -0.00292895
655004, -0.00206629
655039, -0.00292782
655074, -0.00206415
655107, -0.002923
655142, -0.00206272
655175, -0.00292395
655208, -0.00205957
655242, -0.00291604
655277, -0.00207134
655309, -0.0029183
655342, -0.00206367
655375, -0.00292657
655409, -0.00206206
655442, -0.00292026
655474, -0.00204826
655508, -0.00290825
655561, -0.00206177
655594, -0.0029108
655627, -0.00206516
655659, -0.00292365
655693, -0.002077
655727, -0.00290997
655762, -0.00207241
655796, -0.00290908
655830, -0.00207111
655882, -0.00291051
655917, -0.00206825
655950, -0.00291943
655984, -0.00207414
656018, -0.00290253
656054, -0.00207414
656088, -0.00290135
656122, -0.00206593
656156, -0.0028992
656189, -0.0020767
656224, -0.00290706
656258, -0.00207961
656292, -0.00291497
656325, -0.00206819
656360, -0.00290938
656393, -0.00206153
656428, -0.00290551
656462, -0.00207789
656496, -0.00291413
656528, -0.00208372
656563, -0.00289956
656596, -0.00207652
656629, -0.00290188
656663, -0.00206932
656698, -0.00289587
656733, -0.00208277
656766, -0.00290593
656799, -0.00208978
656833, -0.0029017
656867, -0.00209353
656920, -0.00289094
656953, -0.0020767
656986, -0.00288511
657023, -0.00207563
657056, -0.00290438
657090, -0.00208169
