Время (мс),Сигнал (В) 
707625, -0.0189296
707635, -0.0180564
707645, -0.0188856
707655, -0.0180021
707665, -0.0188146
707675, -0.018063
707685, -0.0189201
707695, -0.0180673
707705, -0.0188317
707715, -0.0180209
707725, -0.0188012
707735, -0.0179948
707745, -0.0188188
707755, -0.0180427
707765, -0.0188052
707775, -0.0179825
707785, -0.018808
707796, -0.0180203
707811, -0.018971
707829, -0.0180889
707846, -0.0189232
707863, -0.0180381
707882, -0.0188062
707902, -0.0180325
707924, -0.0188633
707945, -0.0180513
707966, -0.0188716
707988, -0.0178907
708011, -0.0187508
708032, -0.017966
708052, -0.0188447
708082, -0.0180279
708118, -0.0189838
708156, -0.0180615
708197, -0.0188545
708240, -0.0179932
708285, -0.0189003
708337, -0.0180592
708388, -0.0189197
708441, -0.0180018
708497, -0.0188906
708555, -0.0179873
708614, -0.018885
708676, -0.0179938
708732, -0.0188784
708778, -0.0179993
708819, -0.0188958
708844, -0.0179299
708868, -0.0188522
708891, -0.0180305
708914, -0.0189098
708937, -0.0179855
708963, -0.0188418
708988, -0.0180139
709011, -0.019023
709034, -0.0180774
709058, -0.0188596
709081, -0.0179723
709104, -0.0188963
709128, -0.0179568
709153, -0.0188986
709180, -0.0180378
709207, -0.0188807
709232, -0.0179273
709274, -0.0188273
709315, -0.0179754
709359, -0.0189612
709404, -0.018016
709447, -0.0189675
709488, -0.0180283
709536, -0.018863
709582, -0.0179606
709628, -0.0189105
709673, -0.0180062
709720, -0.0189868
709768, -0.0180164
709817, -0.0188436
709864, -0.0179319
709910, -0.0188543
709950, -0.0180329
709977, -0.0188786
710002, -0.0179825
710027, -0.0189458
710052, -0.0179813
710080, -0.0189211
710110, -0.0180461
710136, -0.0189679
710162, -0.0179933
710189, -0.01891
710215, -0.0179904
710242, -0.0189179
710271, -0.0179688
710299, -0.0189067
710328, -0.0180432
710357, -0.0189644
710404, -0.0179639
710450, -0.0189372
710482, -0.0180144
710526, -0.0189363
710571, -0.0179976
710618, -0.0188581
710665, -0.0179146
710711, -0.0189284
710757, -0.0180442
710803, -0.0188813
710851, -0.0179564
710899, -0.0189594
710944, -0.0179176
710993, -0.0188917
711023, -0.0180001
711054, -0.0189611
711082, -0.0179681
711110, -0.0189824
711141, -0.0180051
711169, -0.0189641
711197, -0.0179664
711226, -0.0189578
711253, -0.0179079
711282, -0.0189965
711310, -0.017957
711338, -0.0189377
711366, -0.0179891
711394, -0.0189088
711425, -0.0179858
711454, -0.0189403
711485, -0.017931
711516, -0.018889
711561, -0.0179993
711606, -0.018921
711654, -0.0180051
711699, -0.0189106
711750, -0.0179397
711802, -0.018894
711849, -0.0179698
711896, -0.0189909
711944, -0.0179756
711991, -0.0189118
712037, -0.0179854
712068, -0.0188992
712097, -0.017983
712127, -0.018951
712156, -0.0179567
712190, -0.0188784
712220, -0.0180325
712249, -0.0188863
712281, -0.017946
712311, -0.0189242
712340, -0.01801
712368, -0.018968
712396, -0.0179547
712424, -0.018976
712454, -0.0180406
712484, -0.0189697
712513, -0.0179851
712547, -0.0189288
712576, -0.0179246
712607, -0.0189509
712636, -0.018001
712686, -0.0188634
712730, -0.0180317
712779, -0.018932
712826, -0.0179403
712873, -0.0189408
712919, -0.0179748
712965, -0.0189436
713011, -0.0179695
713058, -0.0188841
713103, -0.017985
713133, -0.0189541
713162, -0.0179742
713192, -0.0189528
713222, -0.0180081
713252, -0.018922
713282, -0.0180341
713312, -0.0189163
713343, -0.0179289
713374, -0.0188608
713405, -0.0180218
713436, -0.0189807
713467, -0.0180224
713497, -0.0189155
713528, -0.0179234
713559, -0.0189406
713588, -0.018011
713620, -0.0189658
713649, -0.0180622
713681, -0.0189124
713730, -0.0180324
713776, -0.0189107
713826, -0.0179647
713875, -0.0188866
713907, -0.0180159
713955, -0.0188625
714001, -0.0179424
714045, -0.0188994
714090, -0.0179368
714137, -0.0188744
714165, -0.0180623
714194, -0.0189383
714223, -0.0180548
714252, -0.0189163
714296, -0.0179358
714327, -0.0188696
714358, -0.0180352
714390, -0.0189446
714417, -0.0179726
714447, -0.0188669
714474, -0.0180252
714502, -0.0188227
714530, -0.0179804
714558, -0.0188825
714601, -0.018061
714633, -0.0188705
714661, -0.0179764
714690, -0.0188898
714720, -0.0180482
714767, -0.0189084
714812, -0.0181363
714857, -0.0190167
714900, -0.0180917
714940, -0.018947
714979, -0.0179728
715019, -0.0188794
715060, -0.0180156
715100, -0.0188811
715140, -0.0179971
715181, -0.0188701
715222, -0.0180321
715263, -0.0189493
715288, -0.0180106
715331, -0.0188756
715359, -0.0179779
715387, -0.0189177
715426, -0.0179863
715454, -0.0189001
715480, -0.018088
715507, -0.018966
715533, -0.0180291
715562, -0.0188904
715589, -0.0180237
715631, -0.0189047
715673, -0.0180131
715704, -0.0189431
715731, -0.0180147
715759, -0.0188616
715801, -0.0180083
715846, -0.0189004
715889, -0.0180707
715934, -0.0189021
715982, -0.0180422
716012, -0.0188697
716058, -0.0181093
716108, -0.0189134
716138, -0.0180731
716190, -0.0188829
716219, -0.0180366
716266, -0.0188386
716294, -0.0179866
716323, -0.0188337
716368, -0.0180618
716396, -0.0188977
716426, -0.0180742
716470, -0.0188724
716498, -0.018018
716528, -0.0188892
716557, -0.0181058
716587, -0.0188369
716616, -0.0180108
716644, -0.0188986
716673, -0.0180512
716720, -0.0188865
716749, -0.0179942
716780, -0.0188916
716810, -0.0181114
716842, -0.0189348
716889, -0.0180611
716939, -0.0189134
716967, -0.0180195
717012, -0.0188193
717057, -0.0180257
717104, -0.0189349
717149, -0.0180133
717178, -0.0188798
717223, -0.0180293
717252, -0.0188769
717297, -0.018103
717326, -0.0188699
717357, -0.0179889
717402, -0.0187792
717433, -0.0180557
717462, -0.0188537
717505, -0.0181322
717534, -0.0188645
717563, -0.0180585
717591, -0.0188924
717621, -0.0180669
717649, -0.0189205
717678, -0.0180883
717707, -0.0188478
717750, -0.0181095
717779, -0.0188435
717827, -0.0180839
717856, -0.0189023
717884, -0.0181118
717929, -0.0188819
717974, -0.0180927
718000, -0.0189018
718045, -0.0181321
718088, -0.0188782
718133, -0.0180867
718177, -0.0188408
718225, -0.0180277
718252, -0.0187633
718296, -0.0181007
718339, -0.0189147
718367, -0.0181139
718394, -0.0188936
718435, -0.018072
718463, -0.0188033
718492, -0.0181043
718539, -0.01889
718567, -0.0181084
718597, -0.0188331
718625, -0.0180926
718654, -0.0188913
718682, -0.0181383
718711, -0.0189035
718740, -0.0181563
718784, -0.0188468
718816, -0.0180939
718861, -0.0188092
718888, -0.0181211
718916, -0.0188751
718960, -0.0180902
719003, -0.0188437
719031, -0.0180522
719075, -0.0188823
719120, -0.0181807
719162, -0.0188887
719206, -0.0181312
719248, -0.0188948
719289, -0.0179989
719334, -0.0187355
719375, -0.0181197
719403, -0.0189357
719433, -0.0181515
719473, -0.0189105
719500, -0.0181184
719527, -0.018862
719567, -0.0180557
719607, -0.0188817
719634, -0.0181286
719660, -0.0188608
719685, -0.0180603
719710, -0.0188372
719750, -0.0181321
719776, -0.0189031
719815, -0.0181487
719854, -0.0188345
719897, -0.0180813
719924, -0.0188342
719949, -0.0181967
719988, -0.0189356
720027, -0.0181247
720064, -0.0188407
720104, -0.0180852
720144, -0.018837
720182, -0.0181723
720220, -0.0189183
