Время (мс),Сигнал (В) 
911046, -0.00566123
911056, -0.00549325
911066, -0.00563226
911076, -0.00547338
911087, -0.00562959
911097, -0.0055331
911107, -0.00566433
911117, -0.00550717
911127, -0.00564196
911136, -0.00550627
911147, -0.00565392
911157, -0.00553126
911167, -0.0056309
911176, -0.00551264
911189, -0.0056438
911197, -0.00550847
911207, -0.0056466
911216, -0.00552882
911227, -0.00565386
911237, -0.00550354
911247, -0.00564279
911258, -0.00556374
911269, -0.00565445
911281, -0.00548367
911294, -0.00567831
911308, -0.00551014
911320, -0.00564333
911334, -0.00552935
911358, -0.00562281
911371, -0.00549218
911386, -0.00566956
911405, -0.00553423
911423, -0.0056839
911445, -0.00550104
911468, -0.00566528
911493, -0.00551329
911520, -0.00563613
911549, -0.00551609
911579, -0.00562858
911611, -0.0054939
911644, -0.00565231
911680, -0.00553322
911716, -0.00567212
911754, -0.00551936
911793, -0.00563803
911835, -0.00553364
911876, -0.00566106
911918, -0.00550199
911960, -0.00565392
912005, -0.00553804
912050, -0.00565076
912097, -0.0054961
912139, -0.00561614
912182, -0.00550663
912220, -0.005661
912256, -0.00548968
912287, -0.00564809
912317, -0.00549289
912347, -0.00564571
912377, -0.00555642
912403, -0.00564779
912429, -0.00550877
912448, -0.00564714
912472, -0.00548593
912500, -0.00562501
912519, -0.00553405
912546, -0.00566266
912581, -0.00551704
912601, -0.00566498
912627, -0.00551181
912653, -0.00564101
912681, -0.00553429
912707, -0.0056309
912734, -0.0055143
912762, -0.00563946
912791, -0.00551169
912823, -0.00563226
912855, -0.00553483
912886, -0.00566546
912918, -0.00553304
912952, -0.0056607
912984, -0.00556011
913015, -0.0056554
913045, -0.00550193
913078, -0.00563381
913113, -0.00554583
913145, -0.00564244
913176, -0.00551216
913211, -0.00559402
913244, -0.0054873
913277, -0.0056447
913308, -0.00552894
913340, -0.0056397
913372, -0.00552347
913402, -0.00564529
913434, -0.00551496
913464, -0.00564428
913494, -0.00554464
913523, -0.00562435
913551, -0.00550871
913582, -0.00560561
913610, -0.00555077
913636, -0.0056394
913660, -0.00550729
913684, -0.0055983
913708, -0.00550705
913731, -0.00561721
913755, -0.00552608
913779, -0.0056215
913803, -0.00553988
913826, -0.00565368
913848, -0.00550865
913873, -0.00562667
913897, -0.0055359
913921, -0.00567105
913947, -0.0055638
913972, -0.0056369
913995, -0.00553197
914018, -0.00563565
914044, -0.00552454
914070, -0.00565106
914098, -0.00550443
914124, -0.00558771
914149, -0.00551609
914175, -0.00559574
914202, -0.00552656
914227, -0.00564981
914253, -0.00551407
914282, -0.00562471
914314, -0.00551579
914346, -0.00563684
914379, -0.00554684
914410, -0.00564315
914442, -0.00555535
914472, -0.00563209
914500, -0.00550526
914530, -0.00562108
914560, -0.00552097
914589, -0.00565059
914619, -0.00554078
914651, -0.00557141
914684, -0.00550443
914713, -0.0056328
914741, -0.00552525
914771, -0.00563351
914801, -0.00550223
914830, -0.00562209
914859, -0.00553382
914885, -0.00562887
914913, -0.00550205
914940, -0.00566599
914968, -0.00555791
914996, -0.00563476
915021, -0.00556861
915046, -0.00561947
915070, -0.00551502
915097, -0.00565326
915123, -0.00552644
915150, -0.00562203
915178, -0.00551543
915205, -0.00561008
915236, -0.00552799
915265, -0.00563238
915291, -0.00553043
915318, -0.0056306
915344, -0.00550384
915373, -0.00565832
915402, -0.00553346
915431, -0.00564071
915461, -0.00556171
915491, -0.0056472
915521, -0.00553631
915550, -0.0056168
915580, -0.00552037
915608, -0.00562429
915636, -0.00551752
915665, -0.00563905
915694, -0.00551793
915726, -0.00560294
915760, -0.00555951
915792, -0.00563458
915819, -0.00556356
915846, -0.0056466
915875, -0.00551014
915903, -0.00563012
915931, -0.00554607
915958, -0.00564018
915988, -0.00553043
916019, -0.00560645
916048, -0.00548373
916078, -0.00558527
916100, -0.0055287
916120, -0.00566552
916143, -0.00555351
916166, -0.00562953
916186, -0.00552198
916207, -0.00559967
916230, -0.00554232
916251, -0.0056438
916271, -0.00552703
916293, -0.00562459
916314, -0.00552584
916337, -0.00564137
916363, -0.00554476
916386, -0.00566421
916408, -0.00551549
916431, -0.00565677
916459, -0.00553048
916484, -0.00561567
916509, -0.00552822
916535, -0.00560811
916560, -0.00555029
916584, -0.00564577
916609, -0.00552418
916633, -0.0056281
916658, -0.00553161
916684, -0.00562001
916709, -0.00553893
916733, -0.00563423
916757, -0.00554113
916783, -0.00561787
916810, -0.00554179
916837, -0.00563102
916864, -0.00555232
916890, -0.00562352
916916, -0.00554202
916942, -0.00558807
916967, -0.00554464
916991, -0.00564737
917016, -0.00553602
917041, -0.0056281
917067, -0.00551454
917093, -0.00558914
917127, -0.00550746
917162, -0.00561293
917195, -0.00551728
917226, -0.00561198
917257, -0.00553245
917287, -0.00561424
917316, -0.00553965
917348, -0.00565451
917376, -0.00555464
917404, -0.00562756
917434, -0.0055566
917461, -0.00559598
917486, -0.00550824
917513, -0.00560764
917539, -0.00553435
917565, -0.00560657
917592, -0.00552912
917620, -0.00560359
917645, -0.00552584
917670, -0.00563702
917695, -0.00555285
917720, -0.00563565
917747, -0.00551157
917772, -0.00562293
917799, -0.00551526
917825, -0.00563946
917852, -0.00552263
917878, -0.00563316
917905, -0.00556047
917932, -0.00560704
917959, -0.00551419
917986, -0.00563494
918015, -0.00553138
918043, -0.00561293
918069, -0.00556017
918096, -0.00562477
918121, -0.00554101
918148, -0.00561436
918176, -0.00550021
918204, -0.00563684
918230, -0.00553744
918256, -0.00561329
918284, -0.00554542
918309, -0.00561656
918335, -0.00554333
918361, -0.00566724
918389, -0.0055121
918412, -0.00558164
918435, -0.00551609
918459, -0.0055983
918485, -0.00551805
918510, -0.00560579
918536, -0.00552965
918560, -0.00561269
918586, -0.00554881
918611, -0.00559556
918635, -0.00553816
918659, -0.00564339
918682, -0.00554666
918706, -0.00558824
918730, -0.00553161
918753, -0.00560609
918775, -0.00552228
918797, -0.00564256
918821, -0.00556112
918846, -0.00562382
918870, -0.00552828
918892, -0.0055823
918913, -0.00557498
918934, -0.00561109
918954, -0.00557932
918975, -0.00560353
918995, -0.00551948
919014, -0.00558664
919034, -0.0055309
919054, -0.00561525
919073, -0.00552775
919092, -0.00560139
919112, -0.00550758
919134, -0.00563417
919155, -0.00555636
919176, -0.00561829
919198, -0.00556873
919220, -0.00561519
919241, -0.0055287
919262, -0.00560788
919283, -0.00553631
919305, -0.00561769
919327, -0.0055218
919350, -0.00558628
919372, -0.00553685
919394, -0.0055983
919422, -0.00551888
919452, -0.00564476
919480, -0.00556279
919508, -0.00560674
919534, -0.00554107
919562, -0.0055795
919587, -0.00555416
919612, -0.00562162
919637, -0.00553673
919662, -0.00557682
919686, -0.00551204
919711, -0.00559729
919735, -0.0055472
919760, -0.00561198
919784, -0.00553893
919808, -0.00562673
919834, -0.00555684
919858, -0.00559354
919880, -0.00554893
919903, -0.00560811
919926, -0.0055425
919952, -0.00562524
919977, -0.00552103
920002, -0.00561472
920028, -0.00555803
920053, -0.00562507
920080, -0.0055469
920104, -0.00560793
920128, -0.00554762
920151, -0.00559794
920174, -0.00555285
920197, -0.0055986
920220, -0.00553072
920243, -0.00560859
920265, -0.00551829
920288, -0.00559812
920312, -0.00557361
920334, -0.00562477
920356, -0.00556267
920377, -0.00558932
920399, -0.00553982
920420, -0.0055961
920441, -0.00551425
920463, -0.00561793
920487, -0.00552596
920514, -0.00560282
920542, -0.00553322
920571, -0.00559479
920601, -0.00553405
920631, -0.00560609
920661, -0.00552477
920691, -0.00561692
920721, -0.00553007
920752, -0.00560579
920784, -0.00555232
920817, -0.00560288
920850, -0.00557046
920881, -0.00558819
920909, -0.00553453
920937, -0.0056099
920966, -0.00553649
920995, -0.00564166
921023, -0.00556885
921047, -0.00560133
921069, -0.00554785
921090, -0.00560276
921111, -0.00554976
921133, -0.00558902
921155, -0.00553625
921176, -0.00556047
921196, -0.00553043
921217, -0.00560853
921238, -0.00554208
921258, -0.00561549
921280, -0.00555731
921301, -0.00561834
921320, -0.00552174
921343, -0.00555767
921364, -0.00554839
921384, -0.00562483
921405, -0.00554434
921428, -0.00563601
921450, -0.00552579
921472, -0.00559366
921497, -0.00556677
921520, -0.00560466
921544, -0.00553191
921566, -0.00560205
921590, -0.0055143
921614, -0.00557795
921636, -0.00551686
921657, -0.00561031
921678, -0.0055613
921700, -0.00561347
921722, -0.00553982
921743, -0.00560764
921765, -0.00554113
921787, -0.00559574
921810, -0.0055707
921832, -0.00561478
921854, -0.00552436
921877, -0.00559259
921903, -0.00552019
921927, -0.00559407
921951, -0.00554791
921975, -0.0056052
921998, -0.00551466
922022, -0.00559437
922049, -0.00555612
922075, -0.00560621
922100, -0.00555529
922128, -0.00559634
922154, -0.00555351
922179, -0.0055845
922207, -0.00552412
922233, -0.00559104
922258, -0.00554458
922283, -0.00563238
922308, -0.00554363
922333, -0.00556041
922357, -0.00555148
922380, -0.00562055
922404, -0.00557748
922427, -0.00559306
922450, -0.00554417
922471, -0.0055767
922495, -0.00555226
922517, -0.00559485
922538, -0.00551615
922560, -0.00562703
922586, -0.00554726
922609, -0.0056143
922632, -0.00557831
922655, -0.00565332
922676, -0.00554226
922693, -0.00561567
922710, -0.00557433
922727, -0.00559443
922744, -0.00554851
922760, -0.00561382
922778, -0.00552662
922794, -0.00558366
922811, -0.0055306
922828, -0.00557569
922846, -0.00553554
922864, -0.00560556
922881, -0.00554768
922899, -0.00557778
922917, -0.0055121
922934, -0.0055585
922951, -0.00553578
922968, -0.00559211
922985, -0.00557944
923001, -0.00560996
923015, -0.00553953
923031, -0.00557117
923047, -0.00552436
923063, -0.0055867
923079, -0.00555249
923095, -0.00558176
923112, -0.00551234
923128, -0.00561359
923146, -0.00555541
923164, -0.00559509
923183, -0.00557998
923201, -0.00560561
923219, -0.00554964
923237, -0.00556713
923255, -0.0055475
923272, -0.00562376
923290, -0.00557534
923307, -0.00559949
923325, -0.00556665
923341, -0.00558813
923358, -0.00555654
923375, -0.0055767
923392, -0.00553976
923409, -0.00561252
923425, -0.00555386
923443, -0.00560651
923460, -0.00557891
923478, -0.00558688
923497, -0.00554922
923515, -0.00561787
923532, -0.00552995
923552, -0.0056002
923570, -0.0055745
923588, -0.00559223
923604, -0.00553965
923624, -0.00559889
923641, -0.00554327
923658, -0.00560121
923675, -0.00554399
923702, -0.00558527
923727, -0.00555523
923751, -0.00560472
923775, -0.00554131
923799, -0.0055638
923822, -0.00553025
923844, -0.00559455
923867, -0.00554994
923890, -0.00557546
923912, -0.00555702
923933, -0.00557093
923954, -0.00552132
923975, -0.00557819
923995, -0.00556856
924015, -0.00560032
924035, -0.00556041
924055, -0.0055889
924074, -0.00556695
924093, -0.00558355
924112, -0.00557891
924130, -0.00558688
924148, -0.00559092
924166, -0.00560264
924183, -0.00553054
924203, -0.00560567
924222, -0.00554494
924241, -0.00558896
