Положение (мм) ,Сигнал усреднённый (В), Δ (мкм), Кол-во выборок сигнала АЦП:10 Энергия пучка: Ток пучка: 
0.44221 -0.00295334 75.44 4500.42 5.186
0.46185 -0.0029662 47.54 4500.42 5.186
0.526169 -0.00296873 55.929 4500.42 5.186
0.58132 -0.00296739 55.54 4500.42 5.186
0.636899 -0.00296992 55.559 4500.42 5.186
0.69124 -0.0029723 54.95 4500.42 5.186
0.749249 -0.00297394 56.479 4500.42 5.186
0.80279 -0.00297825 55.01 4500.42 5.185
0.85872 -0.00297766 55.47 4500.42 5.185
0.91429 -0.0029729 55.52 4500.42 5.185
0.968949 -0.0029723 55.089 4500.42 5.185
1.00858 -0.00297483 47.359 4500.42 5.185
1.0733 -0.00296635 56.04 4500.42 5.185
1.12928 -0.00296115 56.009 4500.42 5.185
1.18327 -0.00296382 55 4500.42 5.185
1.23941 -0.00296115 55.569 4500.42 5.185
1.29478 -0.0029546 55.469 4500.42 5.185
1.35021 -0.00295787 55.45 4500.42 5.185
1.40688 -0.00295579 56.06 4500.42 5.185
1.55772 -0.00295951 103.45 4500.42 5.185
1.56609 -0.00296635 55.91 4500.42 5.185
1.6213 -0.00295936 55.559 4500.42 5.185
1.67788 -0.00301336 56.07 4500.42 5.185
1.73165 -0.00313132 54.92 4500.42 5.185
1.78877 -0.00335265 56.019 4500.42 5.185
1.84387 -0.00363245 55.56 4500.42 5.185
1.88417 -0.00394319 47.93 4500.42 5.185
1.94838 -0.00429751 56.069 4500.42 5.185
2.00435 -0.00463651 56.019 4500.42 5.185
2.06037 -0.00498845 56.02 4500.42 5.185
2.11629 -0.00554008 55.969 4500.42 5.185
2.1714 -0.00612162 55.54 4500.42 5.185
2.22768 -0.00647058 55.909 4500.42 5.185
2.28179 -0.00685733 55.01 4500.42 5.185
2.33886 -0.00717967 56.039 4500.42 5.185
2.39474 -0.00743507 55.959 4500.42 5.185
2.44766 -0.00764615 54.44 4500.42 5.185
2.50446 -0.00774715 55.62 4500.42 5.185
2.5607 -0.00780828 55.93 4500.42 5.185
2.61687 -0.00787358 56.049 4500.42 5.185
2.6718 -0.00791747 55.489 4500.42 5.185
2.71227 -0.00795465 47.979 4500.42 5.185
2.77629 -0.00794171 56 4500.42 5.185
2.83223 -0.00796224 55.97 4500.42 5.185
2.88722 -0.00793978 55.479 4500.42 5.185
2.94392 -0.0079493 56.09 4500.42 5.185
2.99969 -0.00793621 55.93 4500.42 5.185
3.0568 -0.00795926 56.519 4500.42 5.185
3.11228 -0.00794796 56 4500.42 5.185
3.16728 -0.00797146 55.499 4500.42 5.185
3.22086 -0.00792163 54.539 4500.42 5.185
3.27722 -0.00794751 55.45 4500.42 5.185
3.33175 -0.00794974 54.99 4500.42 5.185
3.38876 -0.00791166 56 4500.42 5.185
3.44392 -0.00790542 55.579 4500.42 5.185
3.49822 -0.00790557 54.94 4500.42 5.185
3.55516 -0.00789233 55.94 4500.42 5.185
3.59434 -0.00789381 47.559 4500.42 5.185
3.65876 -0.00791821 55.989 4500.42 5.185
3.71275 -0.00787924 54.99 4500.42 5.185
3.76982 -0.00788474 56.029 4500.42 5.185
3.82473 -0.0078773 55.47 4500.42 5.185
3.87932 -0.00787254 55.029 4500.42 5.185
3.93625 -0.00786139 55.979 4500.42 5.185
3.98821 -0.00785008 53.97 4500.42 5.185
4.04638 -0.00788028 56.07 4500.42 5.185
4.10137 -0.00786094 55.53 4500.42 5.185
4.1557 -0.00786362 54.929 4500.42 5.185
4.19635 -0.00786585 47.79 4500.42 5.185
4.25944 -0.00784889 55.439 4500.42 5.185
4.3161 -0.00785678 56.049 4500.42 5.185
4.37301 -0.00787388 56.48 4500.42 5.185
4.42857 -0.00786049 56.02 4500.42 5.185
4.48455 -0.00785306 56 4500.42 5.185
4.52441 -0.00786615 47.929 4500.42 5.185
4.5887 -0.00781007 56.11 4500.42 5.185
4.64355 -0.00790601 55.48 4500.42 5.185
4.70001 -0.00781914 55.97 4500.42 5.185
4.756 -0.00786778 55.979 4500.42 5.185
4.81202 -0.00784681 56 4500.42 5.185
4.86806 -0.00784815 56.019 4500.42 5.185
4.90794 -0.00784874 47.95 4500.42 5.185
4.97015 -0.00785514 55.08 4500.42 5.185
5.02701 -0.00788221 55.97 4500.42 5.185
5.08306 -0.0078297 56.009 4500.42 5.185
5.13815 -0.007866 55.55 4500.42 5.185
5.19442 -0.00785514 55.909 4500.42 5.185
5.25061 -0.00784726 56.049 4500.42 5.185
5.30558 -0.00786243 55.509 4500.42 5.185
5.36203 -0.00785358 55.979 4500.42 5.185
5.41805 -0.00787894 56 4500.42 5.185
5.47405 -0.00787165 56 4500.42 5.185
5.52899 -0.00786481 55.469 4500.42 5.185
5.5845 -0.00787775 55.49 4500.42 5.185
5.63999 -0.00787016 55.489 4500.42 5.185
5.69562 -0.00786674 55.559 4500.42 5.185
5.73602 -0.00786704 47.979 4500.42 5.181
5.79898 -0.0078599 55.469 4500.42 5.181
5.85555 -0.00788191 56.02 4500.42 5.181
5.91153 -0.00786302 56 4500.42 5.181
5.96647 -0.00786168 55.469 4500.42 5.181
6.02304 -0.0078419 56.02 4500.42 5.181
6.07816 -0.00787135 55.57 4500.42 5.181
6.11859 -0.00781676 48 4500.42 5.181
6.18139 -0.00782777 55.399 4500.42 5.181
6.23803 -0.00781751 56.02 4500.42 5.181
6.29203 -0.00780903 55.01 4500.42 5.181
6.35008 -0.00779028 56.529 4500.42 5.181
6.40351 -0.00778195 54.98 4500.42 5.181
6.46049 -0.00770364 55.979 4500.42 5.181
6.51553 -0.00761179 55.509 4500.42 5.181
6.57106 -0.00748699 55.519 4500.42 5.181
6.62562 -0.00727844 55.039 4500.42 5.181
6.6815 -0.00701828 55.46 4500.42 5.181
6.73896 -0.0066171 56.46 4500.42 5.181
6.79468 -0.00629536 56.09 4500.42 5.181
6.85045 -0.00588883 55.93 4500.42 5.181
6.90656 -0.00553837 56.019 4500.42 5.181
6.9625 -0.00498674 55.98 4500.42 5.181
7.01764 -0.00446455 55.559 4500.42 5.181
7.07404 -0.00411499 55.979 4500.42 5.181
7.129 -0.00378537 55.469 4500.42 5.181
7.18447 -0.00349575 55.469 4500.42 5.181
7.24008 -0.00321908 55.54 4500.42 5.181
7.29662 -0.00303329 56.039 4500.42 5.181
7.35292 -0.00291622 56.17 4500.42 5.181
7.40677 -0.00287591 55.009 4500.42 5.181
7.46476 -0.00286342 56.5 4500.42 5.181
7.5193 -0.00285435 55.519 4500.42 5.181
7.57586 -0.00285762 56.04 4500.42 5.181
7.63176 -0.00284944 55.969 4500.42 5.181
7.68675 -0.00285182 55.48 4500.42 5.181
7.74331 -0.00284557 56.02 4500.42 5.181
7.79833 -0.0028542 55.52 4500.42 5.181
7.85485 -0.00285316 56.019 4500.42 5.181
7.90975 -0.00284698 55.46 4500.42 5.181
7.96635 -0.00284274 56.029 4500.42 5.181
8.02116 -0.00284438 55.42 4500.42 5.181
8.07796 -0.00284215 56.11 4500.42 5.181
8.13271 -0.0028423 55.429 4500.42 5.181
8.1903 -0.00284691 56.509 4500.42 5.181
8.24471 -0.00283501 55.46 4500.42 5.181
8.30029 -0.00283367 55.52 4500.42 5.181
8.35685 -0.00283902 56.039 4500.42 5.181
8.41267 -0.00282943 55.93 4500.42 5.181
8.46792 -0.00283188 55.59 4500.42 5.181
8.52423 -0.0028295 55.949 4500.42 5.181
8.58028 -0.0028295 55.999 4500.42 5.181
8.63636 -0.00282608 56.04 4500.42 5.181
8.69128 -0.00282683 55.479 4500.42 5.181
8.7478 -0.00281656 56 4500.42 5.181
8.80288 -0.00282162 55.539 4500.42 5.181
8.85918 -0.00282712 55.92 4500.42 5.181
8.91328 -0.00281664 55.009 4500.42 5.181
8.96921 -0.00282192 55.47 4500.42 5.181
9.02584 -0.00281403 56.049 4500.42 5.181
9.07963 -0.00281775 54.92 4500.42 5.181
9.13707 -0.00281567 56.179 4500.42 5.181
9.19173 -0.00282251 55.419 4500.42 5.181
9.24625 -0.00281835 54.97 4500.42 5.181
9.30336 -0.00281329 56.039 4500.42 5.181
9.35924 -0.00281775 55.96 4500.42 5.181
9.39932 -0.00281195 48.019 4500.42 5.181
9.46228 -0.00281084 55.49 4500.42 5.181
9.51773 -0.00281969 55.469 4500.42 5.181
9.57546 -0.00280927 56.599 4500.42 5.181
9.62976 -0.00280913 55.45 4500.42 5.181
9.68625 -0.00281582 55.97 4500.42 5.181
9.74228 -0.00281478 55.999 4500.42 5.181
9.79736 -0.00280749 55.54 4500.42 5.181
9.85378 -0.00281225 55.979 4500.42 5.181
9.90888 -0.00281344 55.539 4500.42 5.181
9.9652 -0.00281106 55.93 4500.42 5.181
10.0193 -0.0028179 55 4500.42 5.181
10.0763 -0.00280749 56.019 4500.42 5.181
10.1312 -0.00281165 55.48 4500.42 5.181
10.1877 -0.00281165 55.989 4500.42 5.181
10.2438 -0.0028124 56.029 4500.42 5.181
10.2987 -0.00280258 55.469 4500.42 5.181
10.3543 -0.00280764 55.509 4500.42 5.181
10.4098 -0.00280556 55.5 4500.42 5.181
10.4653 -0.00280637 55.53 4500.42 5.181
10.5218 -0.00280213 56.009 4500.42 5.181
10.5778 -0.00280556 55.99 4500.42 5.181
10.6337 -0.002806 55.959 4500.42 5.181
10.6898 -0.00281195 56.02 4500.42 5.181
10.7447 -0.00281522 55.469 4500.42 5.181
10.8014 -0.00280243 56.06 4500.42 5.181
10.8563 -0.00280913 55.479 4500.42 5.181
10.9117 -0.00280384 55.47 4500.42 5.181
10.9672 -0.00279946 55.489 4500.42 5.181
11.0238 -0.00279514 56.04 4500.42 5.181
11.0777 -0.00280005 54.969 4500.42 5.181
11.1358 -0.00280258 56.52 4500.42 5.181
11.1893 -0.00280124 55.009 4500.42 5.181
11.2463 -0.00279827 56.029 4500.42 5.181
11.3024 -0.00279782 56.02 4500.42 5.181
