Положение (мм) ,Сигнал усреднённый (В), Δ (мкм), Кол-во выборок сигнала АЦП:10 Энергия пучка: Ток пучка: 
12.1483 -0.00311016 -74.781 4500.42 5.234
12.1201 -0.0031157 -51.501 4500.42 5.234
12.0674 -0.00311986 -52.07 4500.42 5.234
12.0085 -0.00311733 -55.51 4500.42 5.234
11.9531 -0.00312224 -55.451 4500.42 5.234
11.8966 -0.00311585 -55.971 4500.42 5.234
11.8405 -0.00312328 -56.051 4500.42 5.234
11.785 -0.00313384 -55.741 4500.42 5.234
11.7318 -0.00313035 -54.49 4500.42 5.234
11.6743 -0.00314574 -55.971 4500.42 5.234
11.6183 -0.00313042 -56.021 4500.42 5.234
11.5622 -0.00314961 -56.05 4500.42 5.234
11.5064 -0.00313697 -55.931 4500.42 5.234
11.4564 -0.00315095 -52.961 4500.42 5.234
11.3952 -0.00314991 -57.09 4500.42 5.234
11.3402 -0.00315824 -56.011 4500.42 5.234
11.2843 -0.00316092 -55.98 4500.42 5.234
11.2283 -0.00316687 -55.961 4500.42 5.234
11.1721 -0.00315854 -56.09 4500.42 5.234
11.1164 -0.00315169 -55.931 4500.42 5.234
11.0614 -0.00316791 -55.47 4500.42 5.234
11.0057 -0.00317148 -55.56 4500.42 5.234
10.9494 -0.00317118 -55.931 4500.42 5.234
10.8931 -0.00317267 -56.131 4500.42 5.234
10.8544 -0.00318055 -47.4 4500.42 5.234
10.7917 -0.00316181 -55.04 4500.42 5.234
10.7358 -0.00317192 -55.49 4500.42 5.234
10.6803 -0.00318323 -55.491 4500.42 5.234
10.6258 -0.00318375 -54.991 4500.42 5.234
10.5687 -0.00319379 -56.021 4500.42 5.234
10.5149 -0.00319067 -54.95 4500.42 5.234
10.4577 -0.00320153 -56.061 4500.42 5.234
10.4028 -0.00319141 -55.501 4500.42 5.234
10.3462 -0.00319632 -56.04 4500.42 5.234
10.2914 -0.00321848 -55.43 4500.42 5.234
10.2367 -0.00323812 -55.05 4500.42 5.234
10.1799 -0.00322845 -55.931 4500.42 5.234
10.1247 -0.00323708 -55.561 4500.42 5.234
10.0682 -0.00326266 -56.03 4500.42 5.234
10.0153 -0.00324526 -54.45 4500.42 5.234
9.95979 -0.00323886 -54.991 4500.42 5.234
9.90172 -0.00322979 -56.531 4500.42 5.234
9.84735 -0.00322324 -55.451 4500.42 5.234
9.79284 -0.00322235 -54.98 4500.42 5.234
9.73468 -0.00320986 -56.571 4500.42 5.234
9.67937 -0.00319171 -55.94 4500.42 5.234
9.62515 -0.00321268 -55.081 4500.42 5.234
9.56929 -0.00327426 -55.47 4500.42 5.234
9.51476 -0.00321893 -55 4500.42 5.234
9.4599 -0.00322518 -54.931 4500.42 5.234
9.40359 -0.00322875 -55.62 4500.42 5.234
9.34721 -0.00323678 -56.001 4500.42 5.234
9.29429 -0.00323708 -54.46 4500.42 5.234
9.23683 -0.00324749 -55.961 4500.42 5.234
9.18173 -0.00324474 -55.531 4500.42 5.234
9.1253 -0.00324362 -55.98 4500.42 5.234
9.0714 -0.00324838 -54.94 4500.42 5.234
9.01516 -0.0032518 -55.591 4500.42 5.234
8.96083 -0.0032225 -54.96 4500.42 5.234
8.90527 -0.00319543 -55.261 4500.42 5.234
8.84839 -0.00323663 -56.071 4500.42 5.234
8.79356 -0.00325433 -55.451 4500.42 5.234
8.73807 -0.00331859 -55.47 4500.42 5.234
8.68158 -0.003255 -55.98 4500.42 5.234
8.6275 -0.00325939 -55.031 4500.42 5.234
8.57169 -0.00324109 -55.42 4500.42 5.234
8.51511 -0.00324808 -56.001 4500.42 5.234
8.45997 -0.00328825 -55.57 4500.42 5.234
8.4036 -0.00331205 -55.971 4500.42 5.234
8.34749 -0.00330119 -56.04 4500.42 5.234
8.29355 -0.00331428 -54.991 4500.42 5.234
8.2525 -0.00331621 -48.02 4500.42 5.234
8.19054 -0.00333138 -54.991 4500.42 5.234
8.13265 -0.00331576 -56.441 4500.42 5.231
8.07793 -0.0033203 -55.581 4500.42 5.231
8.02159 -0.00331993 -55.96 4500.42 5.231
7.96663 -0.00333674 -55.461 4500.42 5.231
7.91099 -0.00333019 -55.551 4500.42 5.231
7.85544 -0.00334343 -55.551 4500.42 5.231
7.80003 -0.0033473 -55.481 4500.42 5.231
7.74463 -0.00334879 -55.44 4500.42 5.231
7.68801 -0.00335935 -56.03 4500.42 5.231
7.63408 -0.00337705 -54.981 4500.42 5.231
7.57714 -0.00339832 -55.96 4500.42 5.231
7.52094 -0.00342554 -56.08 4500.42 5.231
7.46616 -0.00351301 -55.431 4500.42 5.231
7.41057 -0.00376142 -55.51 4500.42 5.231
7.35398 -0.00427163 -56.05 4500.42 5.231
7.30005 -0.00503426 -54.991 4500.42 5.231
7.24296 -0.00592051 -56.04 4500.42 5.231
7.18802 -0.00693899 -55.491 4500.42 5.231
7.13453 -0.00801028 -54.49 4500.42 5.231
7.07706 -0.00968936 -55.98 4500.42 5.231
7.02092 -0.0113775 -56.061 4500.42 5.231
6.9671 -0.0125401 -54.941 4500.42 5.231
6.91 -0.0138052 -56.02 4500.42 5.231
6.85584 -0.014831 -55.091 4500.42 5.231
6.80211 -0.0161126 -54.41 4500.42 5.231
6.74462 -0.0170791 -55.951 4500.42 5.231
6.68853 -0.0178753 -56.02 4500.42 5.231
6.63449 -0.0183327 -55.031 4500.42 5.231
6.57752 -0.018699 -56.001 4500.42 5.231
6.52454 -0.0189648 -54.49 4500.42 5.231
6.46685 -0.0190283 -56.091 4500.42 5.231
6.41108 -0.0190863 -55.931 4500.42 5.231
6.35701 -0.0191122 -55 4500.42 5.231
6.30105 -0.0190952 -55.481 4500.42 5.231
6.24453 -0.0192025 -56.001 4500.42 5.231
6.18753 -0.0192301 -56.5 4500.42 5.231
6.13409 -0.0192831 -54.971 4500.42 5.231
6.07812 -0.0192391 -55.47 4500.42 5.231
6.02253 -0.0193195 -55.531 4500.42 5.231
5.96708 -0.0192471 -55.49 4500.42 5.231
5.91149 -0.0193528 -55.54 4500.42 5.231
5.85593 -0.0193305 -55.551 4500.42 5.231
5.80056 -0.0192602 -55.461 4500.42 5.231
5.74398 -0.0193607 -56.021 4500.42 5.231
5.68812 -0.0192731 -55.94 4500.42 5.231
5.63202 -0.0193533 -56.021 4500.42 5.231
5.57692 -0.0192711 -55.56 4500.42 5.231
5.52038 -0.0193481 -56.05 4500.42 5.231
5.46569 -0.0191508 -55.37 4500.42 5.231
5.4092 -0.0192642 -55.931 4500.42 5.231
5.35289 -0.0193323 -56.12 4500.42 5.231
5.29807 -0.0191626 -55.471 4500.42 5.231
5.24156 -0.0193585 -55.99 4500.42 5.231
5.18647 -0.0191697 -55.541 4500.42 5.231
5.13001 -0.0192179 -56.001 4500.42 5.231
5.07415 -0.0192387 -55.93 4500.42 5.231
5.01794 -0.0193081 -56.071 4500.42 5.231
4.96201 -0.0191848 -56.001 4500.42 5.231
4.90703 -0.0191708 -55.491 4500.42 5.231
4.85144 -0.0193859 -55.54 4500.42 5.231
4.79598 -0.0191117 -55.501 4500.42 5.231
4.73962 -0.0193325 -55.93 4500.42 5.231
4.68447 -0.0192031 -55.541 4500.42 5.231
4.62899 -0.0192265 -55.51 4500.42 5.231
4.57456 -0.0192182 -54.97 4500.42 5.231
4.51953 -0.0191934 -55 4500.42 5.231
4.46419 -0.0193435 -55.171 4500.42 5.231
4.40878 -0.0191772 -55.29 4500.42 5.231
4.35399 -0.0193009 -55.041 4500.42 5.231
4.29731 -0.0192019 -55.86 4500.42 5.231
4.24137 -0.0191978 -55.901 4500.42 5.231
4.18577 -0.0193451 -55.75 4500.42 5.231
4.13214 -0.0192284 -54.691 4500.42 5.231
4.07575 -0.0192208 -55.54 4500.42 5.231
4.01939 -0.0193353 -55.951 4500.42 5.231
3.96326 -0.0193073 -56.04 4500.42 5.231
3.90822 -0.0192737 -55.541 4500.42 5.231
3.85078 -0.0193244 -56.491 4500.42 5.231
3.79543 -0.0193743 -55.92 4500.42 5.231
3.74021 -0.0192736 -55.57 4500.42 5.231
3.68378 -0.0194059 -56.001 4500.42 5.231
3.62894 -0.0193435 -55.421 4500.42 5.231
3.57416 -0.0194358 -55.1 4500.42 5.231
3.51722 -0.0193442 -56.02 4500.42 5.231
3.4634 -0.0194464 -54.921 4500.42 5.231
3.4064 -0.0194143 -55.961 4500.42 5.231
3.35004 -0.0194646 -56.16 4500.42 5.231
3.29532 -0.0194309 -55.44 4500.42 5.231
3.23876 -0.0194568 -56.001 4500.42 5.231
3.1828 -0.0194222 -55.98 4500.42 5.231
3.12788 -0.0194953 -55.45 4500.42 5.234
3.07239 -0.0194953 -55.471 4500.42 5.234
3.0157 -0.0194873 -56.081 4500.42 5.234
2.95982 -0.0195043 -55.98 4500.42 5.234
2.90366 -0.0195061 -56.071 4500.42 5.234
2.84883 -0.0194701 -55.45 4500.42 5.234
2.7933 -0.0194181 -55.49 4500.42 5.234
2.73569 -0.0193589 -56.551 4500.42 5.234
2.6813 -0.019242 -55.471 4500.42 5.234
2.62473 -0.0189123 -56.02 4500.42 5.234
2.56889 -0.0187092 -55.931 4500.42 5.234
2.51474 -0.0181859 -55.04 4500.42 5.234
2.46082 -0.0174786 -54.481 4500.42 5.234
2.40318 -0.0165555 -56.06 4500.42 5.234
2.35032 -0.0153305 -54.46 4500.42 5.234
2.29282 -0.0142265 -55.98 4500.42 5.234
2.23782 -0.013005 -55.491 4500.42 5.234
2.18145 -0.0117893 -55.931 4500.42 5.234
2.12634 -0.010099 -55.521 4500.42 5.234
2.07174 -0.00839123 -55.061 4500.42 5.234
2.01476 -0.00728632 -56.02 4500.42 5.234
1.95884 -0.00625743 -55.97 4500.42 5.234
1.90377 -0.00533102 -55.521 4500.42 5.234
1.84831 -0.0045596 -55.491 4500.42 5.234
1.79176 -0.00402708 -56.02 4500.42 5.234
1.73586 -0.00377778 -55.961 4500.42 5.234
1.67974 -0.00374654 -56.04 4500.42 5.234
1.62382 -0.00373092 -55.981 4500.42 5.234
1.56772 -0.00372735 -56.04 4500.42 5.234
1.5129 -0.00372006 -55.431 4500.42 5.234
1.45537 -0.00371367 -56.481 4500.42 5.234
1.40123 -0.00371397 -55.31 4500.42 5.234
1.34556 -0.00371783 -55.491 4500.42 5.234
1.28997 -0.00373687 -55.54 4500.42 5.234
1.23361 -0.00374922 -55.95 4500.42 5.234
1.17852 -0.00376179 -55.521 4500.42 5.234
1.12298 -0.00378105 -55.531 4500.42 5.234
1.06741 -0.00378016 -55.55 4500.42 5.234
1.01208 -0.00379013 -55.44 4500.42 5.234
0.956519 -0.00379087 -55.501 4500.42 5.234
0.90008 -0.0037992 -55.97 4500.42 5.234
0.84505 -0.00380411 -55.5 4500.42 5.234
0.78847 -0.00379965 -56.04 4500.42 5.234
0.73353 -0.00379608 -55.49 4500.42 5.234
0.680039 -0.00376737 -54.491 4500.42 5.234
0.623509 -0.00375547 -55.511 4500.42 5.234
0.56712 -0.0037339 -55.95 4500.42 5.234
0.512029 -0.00372795 -55.521 4500.42 5.234
0.456609 -0.00370549 -55.471 4500.42 5.234
0.40008 -0.00369433 -56 4500.42 5.234
0.34588 -0.00369716 -55.1 4500.42 5.234
0.29008 -0.00368853 -55.45 4500.42 5.234
