Положение (мм) ,Сигнал усреднённый (В), Δ (мкм), Кол-во выборок сигнала АЦП:1 Энергия пучка: Ток пучка: 
23.6098 -0.00199569 -157.991 4500.42 6.114
23.5458 -0.00199916 -110.99 4500.42 6.114
23.4328 -0.00200511 -111.971 4500.42 6.114
23.3226 -0.00203635 -111.111 4500.42 6.114
23.2098 -0.00202296 -111.951 4500.42 6.114
23.0918 -0.00204528 -114.98 4500.42 6.114
22.9908 -0.00205569 -107.98 4500.42 6.114
22.8808 -0.00206015 -108.991 4500.42 6.114
22.7657 -0.00206164 -112.06 4500.42 6.114
22.6857 -0.00207949 -96.02 4500.42 6.114
22.5618 -0.00208841 -109.931 4500.42 6.114
22.4497 -0.00210478 -111.05 4500.42 6.114
22.3388 -0.0021018 -110.97 4500.42 6.114
22.2298 -0.00211816 -109.981 4500.42 6.114
22.1158 -0.00214345 -112.011 4500.42 6.114
22.0058 -0.0021494 -110.991 4500.42 6.114
21.8928 -0.00215758 -112 4500.42 6.114
21.7807 -0.00217171 -112.06 4500.42 6.114
21.7007 -0.00219254 -96.001 4500.42 6.114
21.5749 -0.00218212 -110.901 4500.42 6.114
21.4637 -0.00219551 -111.05 4500.42 6.114
21.3488 -0.00222972 -112.961 4500.42 6.114
21.2376 -0.00224014 -112.09 4500.42 6.114
21.1278 -0.00225203 -110.971 4500.42 6.114
21.0148 -0.00225798 -112 4500.42 6.114
20.9348 -0.0022446 -95.971 4500.42 6.114
20.8108 -0.0022446 -110 4500.42 6.114
20.7048 -0.00230038 -107.981 4500.42 6.114
20.5887 -0.00231897 -112.041 4500.42 6.114
20.4768 -0.00232343 -111.99 4500.42 6.114
20.3707 -0.00231153 -109.06 4500.42 6.114
20.2558 -0.0023517 -111.98 4500.42 6.114
20.1457 -0.00236657 -111.001 4500.42 6.114
20.0347 -0.00237103 -110.991 4500.42 6.114
19.9238 -0.00237103 -110.991 4500.42 6.114
19.8147 -0.00241714 -110.02 4500.42 6.114
19.7006 -0.00245359 -112.041 4500.42 6.114
19.5908 -0.00247664 -110.921 4500.42 6.114
19.4797 -0.00247813 -111.011 4500.42 6.114
19.3688 -0.00251383 -110.98 4500.42 6.114
19.2537 -0.0025406 -113.041 4500.42 6.114
19.1447 -0.00254209 -111.001 4500.42 6.114
19.0318 -0.00256143 -111.98 4500.42 6.114
18.9218 -0.00257035 -110.991 4500.42 6.114
18.8107 -0.00257035 -111.05 4500.42 6.114
18.6999 -0.00261349 -110.921 4500.42 6.114
18.5866 -0.00260903 -112.111 4500.42 6.111
18.4768 -0.00263283 -110.94 4500.42 6.111
18.3677 -0.00266555 -110.041 4500.42 6.111
18.2538 -0.00268191 -111.98 4500.42 6.111
18.1437 -0.00272505 -111.03 4500.42 6.111
18.0308 -0.00272654 -111.951 4500.42 6.111
17.9187 -0.0027548 -112.021 4500.42 6.111
17.8067 -0.0027905 -112 4500.42 6.111
17.6968 -0.00290504 -110.96 4500.42 6.111
17.5869 -0.00297941 -110.46 4500.42 6.111
17.4752 -0.00302403 -111.031 4500.42 6.111
17.3622 -0.00305378 -112.03 4500.42 6.111
17.2522 -0.00309394 -111.011 4500.42 6.111
17.1713 -0.00308651 -95.971 4500.42 6.111
17.0433 -0.00312072 -112 4500.42 6.111
16.9354 -0.00312964 -109.951 4500.42 6.111
16.8212 -0.00315939 -112.06 4500.42 6.111
16.7093 -0.00320848 -111.98 4500.42 6.111
16.5992 -0.00324344 -111.031 4500.42 6.111
16.4884 -0.00329922 -110.921 4500.42 6.111
16.3791 -0.0033126 -110.11 4500.42 6.111
16.2672 -0.00335723 -110.991 4500.42 6.111
16.1543 -0.00341078 -111.99 4500.42 6.111
16.0422 -0.0034316 -112 4500.42 6.111
15.9322 -0.00345243 -111.011 4500.42 6.111
15.8233 -0.0035268 -109.981 4500.42 6.111
15.7113 -0.00353721 -110.98 4500.42 6.111
15.5983 -0.003622 -111.96 4500.42 6.111
15.4863 -0.00368001 -112.02 4500.42 6.111
15.3803 -0.00374992 -109.01 4500.42 6.111
15.2651 -0.00383471 -112.111 4500.42 6.111
15.1573 -0.00386594 -109.92 4500.42 6.111
15.0752 -0.00399387 -96.011 4500.42 6.111
14.9473 -0.00403849 -111.97 4500.42 6.111
14.8412 -0.00404295 -109.05 4500.42 6.111
14.7263 -0.00407419 -111.96 4500.42 6.111
14.6164 -0.00413964 -110.94 4500.42 6.111
14.5072 -0.00414261 -110.061 4500.42 6.111
14.3933 -0.00430475 -112.001 4500.42 6.111
14.2812 -0.00459481 -112.041 4500.42 6.111
14.1712 -0.00492056 -110.99 4500.42 6.111
14.0624 -0.00560778 -109.931 4500.42 6.111
13.9502 -0.0159591 -111.051 4500.42 6.111
13.8393 -0.0296543 -110.99 4500.42 6.111
13.7262 -0.0513089 -112.05 4500.42 6.111
13.6164 -0.0617941 -110.89 4500.42 6.111
13.5032 -0.0691973 -112.071 4500.42 6.111
13.3952 -0.0665295 -110.04 4500.42 6.111
13.2852 -0.0572722 -110 4500.42 6.111
13.1753 -0.0565032 -109.931 4500.42 6.111
13.0611 -0.0694561 -112.081 4500.42 6.111
12.9554 -0.07623 -108.92 4500.42 6.111
12.8422 -0.151505 -111.041 4500.42 6.111
12.7293 -0.895727 -111.97 4500.42 6.111
12.6193 -3.40235 -110.98 4500.42 6.111
12.5063 -7.86417 -112.02 4500.42 6.111
12.3943 -12.4787 -112.001 4500.42 6.111
12.2801 -12.4787 -113.061 4500.42 6.111
12.1692 -12.4787 -112.001 4500.42 6.111
12.0593 -12.4787 -110.94 4500.42 6.111
11.9542 -12.4787 -108.02 4500.42 6.111
11.8342 -12.4787 -114.041 4500.42 6.111
11.7243 -12.4787 -111.951 4500.42 6.111
11.6122 -12.4787 -112.02 4500.42 6.111
11.5003 -12.4787 -111.951 4500.42 6.111
11.3902 -12.4787 -111.04 4500.42 6.111
11.2792 -12.4787 -111.031 4500.42 6.111
11.1663 -12.4787 -111.97 4500.42 6.111
11.0543 -12.4787 -111.98 4500.42 6.111
10.9421 -12.4787 -112.061 4500.42 6.111
10.8344 -12.4787 -109.91 4500.42 6.111
10.7181 -12.4787 -113.1 4500.42 6.111
10.6113 -12.4787 -109.951 4500.42 6.111
10.4953 -12.4787 -112.99 4500.42 6.111
10.3881 -12.4787 -110.06 4500.42 6.111
10.2781 -12.4787 -110.031 4500.42 6.111
10.1704 -12.4787 -108.91 4500.42 6.111
10.0572 -12.4787 -111.031 4500.42 6.111
9.94233 -12.4787 -112.95 4500.42 6.111
9.83524 -12.4787 -110.021 4500.42 6.111
9.72114 -12.4787 -112.06 4500.42 6.111
9.60744 -12.4787 -112.881 4500.42 6.111
9.49814 -12.4787 -111.09 4500.42 6.111
9.38739 -12.4787 -110.921 4500.42 6.111
9.27605 -12.4787 -111.13 4500.42 6.111
9.16536 -12.4787 -110.911 4500.42 6.111
9.05415 -12.4787 -111.061 4500.42 6.111
8.94127 -12.4787 -111.97 4500.42 6.111
8.82938 -12.4787 -111.931 4500.42 6.111
8.71519 -12.4787 -113.06 4500.42 6.111
8.60523 -12.4787 -111.511 4500.42 6.111
8.49086 -12.4787 -112.941 4500.42 6.111
8.37966 -12.4787 -112.07 4500.42 6.111
8.27173 -12.4787 -110.001 4500.42 6.111
8.16187 -12.4787 -109.93 4500.42 6.111
8.04768 -12.4787 -112.061 4500.42 6.111
7.96784 -12.4787 -95.951 4500.42 6.111
7.83965 -12.4787 -112.07 4500.42 6.111
7.72978 -12.4787 -110.971 4500.42 6.111
7.61889 -12.4787 -110.93 4500.42 6.111
7.50568 -8.03218 -112.071 4500.42 6.111
7.39393 -2.11104 -111.91 4500.42 6.111
7.28144 -0.328098 -112.2 4500.42 6.111
7.17186 -0.0826544 -110.891 4500.42 6.111
7.06467 -0.0674763 -109.041 4500.42 6.111
6.95381 -0.0531891 -109.95 4500.42 6.111
6.83972 -0.0422933 -112.021 4500.42 6.111
6.72572 -0.0489929 -113.011 4500.42 6.111
6.61671 -0.0873593 -111.011 4500.42 6.111
6.5058 -0.135981 -110.96 4500.42 6.111
6.39468 -0.163042 -111.041 4500.42 6.111
6.28178 -0.160751 -111.971 4500.42 6.111
6.16993 -0.124561 -111.91 4500.42 6.111
6.05974 -0.0766406 -111.05 4500.42 6.111
5.94883 -0.0434833 -110.981 4500.42 6.111
5.83355 -0.0232165 -113.13 4500.42 6.111
5.72292 -0.0131478 -111.88 4500.42 6.111
5.61072 -0.00824953 -112.041 4500.42 6.111
5.50072 -0.00569777 -111.02 4500.42 6.111
5.3877 -0.00499791 -112.021 4500.42 6.111
5.27956 -0.00492056 -110.08 4500.42 6.111
5.1699 -0.00481644 -109.87 4500.42 6.111
5.05775 -0.00467364 -111.011 4500.42 6.111
4.94464 -0.0044654 -112.06 4500.42 6.111
4.8328 -0.00433599 -111.951 4500.42 6.111
4.72663 -0.00426607 -109.061 4500.42 6.111
4.60991 -0.00421253 -112.89 4500.42 6.111
4.50472 -0.00408163 -109.041 4500.42 6.111
4.39382 -0.00398345 -109.97 4500.42 6.111
4.27967 -0.00391801 -112.061 4500.42 6.111
4.16785 -0.00381388 -111.94 4500.42 6.111
4.05971 -0.00374695 -110.041 4500.42 6.111
3.94773 -0.00367555 -111.01 4500.42 6.111
3.83668 -0.00361159 -111.031 4500.42 6.111
3.72583 -0.00357142 -110.94 4500.42 6.111
3.61277 -0.00355655 -112.001 4500.42 6.111
3.50275 -0.00348664 -111.01 4500.42 6.111
3.39386 -0.0034316 -109.95 4500.42 6.111
3.31167 -0.00340483 -96.071 4500.42 6.111
3.1838 -0.00342416 -111.97 4500.42 6.111
3.07375 -0.00338995 -111.011 4500.42 6.111
2.9608 -0.00339293 -111.98 4500.42 6.111
2.84866 -0.00342714 -112.061 4500.42 6.111
2.7387 -0.00345838 -111.01 4500.42 6.111
2.63077 -0.00346879 -109.47 4500.42 6.111
2.51616 -0.0034792 -112.04 4500.42 6.111
2.43832 -0.0034673 -94.941 4500.42 6.111
2.31114 -0.00346879 -111.06 4500.42 6.111
2.2023 -0.0034792 -109.95 4500.42 6.111
2.08831 -0.00346284 -111.971 4500.42 6.111
1.97614 -0.00346581 -112.07 4500.42 6.111
1.86633 -0.0034554 -110.941 4500.42 6.111
1.75703 -0.00343309 -110.12 4500.42 6.111
1.64133 -0.00341524 -112.911 4500.42 6.111
1.5303 -0.00333789 -111.971 4500.42 6.111
1.41821 -0.00331707 -112.03 4500.42 6.111
1.30624 -0.00329178 -112.001 4500.42 6.111
1.19632 -0.00327319 -110.96 4500.42 6.111
1.0832 -0.00320997 -112.04 4500.42 6.111
0.97134 -0.00323377 -111.95 4500.42 6.111
0.922189 -0.00323377 -80.551 4500.42 6.111
