Положение (мм) ,Сигнал усреднённый (В), Δ (мкм), Кол-во выборок сигнала АЦП:10
23.8652 0.00108211 -37.951
23.8274 0.00107264 -37.91
23.7912 0.00107017 -37.051
23.7542 0.00106884 -37.031
23.7173 0.00106596 -36.951
23.6823 0.00106078 -36
23.6443 0.00105582 -36.99
23.6093 0.00104855 -36.001
23.5733 0.0010452 -35.97
23.5353 0.00104504 -37.011
23.4982 0.00104533 -37.04
23.4633 0.00103637 -35.991
23.4272 0.00103285 -36.031
23.3912 0.00102544 -36
23.3552 0.00102685 -36.001
23.3194 0.00102389 -35.931
23.2832 0.00102435 -36.06
23.2452 0.00101787 -37.011
23.2083 0.00101241 -36.95
23.1733 0.00100888 -35.991
23.1353 0.00101118 -37.01
23.0962 0.00101141 -38.051
23.0582 0.00101053 -38.001
23.0202 0.00100407 -38.02
22.9823 0.001001 -37.96
22.9462 0.00100337 -37.011
22.9093 0.00100604 -36.98
22.872 0.0010068 -37.11
22.8352 0.00100105 -36.98
22.7982 0.000995192 -36.99
22.7613 0.000989846 -36.941
22.7243 0.000993393 -36.99
22.6873 0.000997487 -36.971
22.65 0.000992695 -37.121
22.6131 0.000988424 -37.01
22.5742 0.000986014 -37.961
22.5363 0.00098818 -37.93
22.5001 0.000993863 -37.07
22.4612 0.000993989 -37.98
22.4232 0.000990712 -38.001
22.3872 0.000987159 -37.011
22.3501 0.000983933 -37.03
22.3113 0.000989224 -37.911
22.2753 0.000991904 -36.971
22.2381 0.000990583 -37.08
22.2012 0.000986155 -37.011
22.1622 0.000983191 -37.98
22.1264 0.00098609 -36.931
22.0893 0.000988081 -36.971
22.0502 0.000989035 -38.04
22.0142 0.000985455 -37.041
21.9773 0.000983219 -36.99
21.9401 0.000980767 -37.051
21.9033 0.000980391 -36.941
21.8662 0.000982467 -37.02
21.8273 0.000981522 -37.95
21.7912 0.000980651 -37.041
21.7543 0.000984095 -36.961
21.7173 0.000985765 -37.01
21.6802 0.000984718 -37.051
21.6432 0.000980872 -37
21.6062 0.000980942 -37.031
21.5692 0.000982669 -36.99
21.5323 0.000985053 -36.961
21.4953 0.000980282 -36.99
21.4582 0.000976774 -37.011
21.4212 0.000973365 -37.03
21.384 0.00097526 -37.131
21.3472 0.000979644 -36.94
21.3102 0.000981946 -36.961
21.2734 0.000980029 -36.881
21.2341 0.00097774 -38.11
21.1962 0.000973797 -37.981
21.1582 0.000976487 -37.991
21.1202 0.000981326 -38.01
21.0822 0.00098106 -37.991
21.0443 0.000980571 -37.96
21.0062 0.000977271 -38.041
20.9682 0.000976396 -38.03
20.9303 0.000977726 -37.971
20.8923 0.000979552 -37.95
20.8542 0.00097911 -38.05
20.8163 0.000977996 -37.951
20.7783 0.000975306 -38.001
20.7402 0.000975026 -38.02
20.7042 0.000975769 -37.02
20.6652 0.000978608 -38.02
20.6271 0.000978365 -38.041
20.5913 0.000979704 -36.951
20.5543 0.000979049 -36.96
20.5173 0.000976958 -36.991
20.4803 0.000975944 -36.99
20.4431 0.000974924 -37.07
20.4062 0.000975864 -36.99
20.3692 0.000978796 -37.031
20.3322 0.000979842 -36.99
20.2953 0.000978299 -36.971
20.2582 0.000978431 -37.01
20.2213 0.000978734 -36.99
20.1841 0.000980724 -37.051
20.1472 0.000981411 -36.971
20.1102 0.00097827 -37.01
20.0732 0.000975859 -36.99
20.0363 0.000974125 -36.941
19.9991 0.000976175 -37.1
19.9624 0.000978796 -36.901
19.9251 0.000981408 -37.08
19.8882 0.000979576 -36.98
19.8512 0.00097599 -36.99
19.8143 0.000975152 -36.99
19.7771 0.000980374 -37.061
19.7402 0.000985428 -36.99
19.7033 0.000985604 -36.941
19.6642 0.000984442 -38.001
19.6292 0.000981342 -36.501
19.5918 0.000982389 -36.99
19.5527 0.000985468 -38.02
19.5166 0.000986082 -37.08
19.4778 0.000984482 -37.951
19.4418 0.000982061 -36.94
19.4048 0.000982254 -36.971
19.3656 0.000984024 -38.11
19.3278 0.000983928 -37.961
19.2918 0.00098371 -36.98
19.2547 0.000984561 -37.01
19.2177 0.000987008 -37.021
19.1808 0.000989539 -36.961
19.1436 0.000992008 -37.06
19.1067 0.000995863 -36.991
19.0698 0.000999057 -36.94
19.0328 0.00100518 -36.961
18.9957 0.00101265 -37.061
18.9586 0.00102255 -37.051
18.9217 0.0010319 -36.99
18.8847 0.00104378 -37.01
18.8477 0.00105802 -37.011
18.8107 0.00107772 -37.02
18.7738 0.00110359 -36.911
18.7367 0.00112359 -37.04
18.6997 0.00114453 -37.011
18.6627 0.00117278 -36.99
18.6257 0.00119973 -36.99
18.5887 0.00123468 -37
18.5517 0.00127371 -37.011
18.5147 0.00130663 -36.99
18.4778 0.00133914 -36.99
18.4406 0.00138541 -37.061
18.4037 0.00144977 -36.99
18.3667 0.00151924 -36.98
18.3296 0.0016004 -37.031
18.2928 0.00172483 -36.95
18.2557 0.00188101 -37.031
18.2167 0.00211949 -37.981
18.1808 0.00245579 -36.961
18.1438 0.0028757 -36.971
18.1066 0.00335195 -37.08
18.0677 0.00397255 -38.02
18.0317 0.00480693 -37.01
17.9947 0.00562749 -36.971
17.9579 0.00650534 -36.921
17.9208 0.0076109 -37.01
17.8837 0.00884385 -37.03
17.8466 0.0099082 -37.051
17.8097 0.0109948 -37.011
17.7727 0.0120194 -36.971
17.7357 0.012922 -36.99
17.6988 0.013826 -36.99
17.6618 0.0146539 -36.99
17.6247 0.015339 -37.01
17.5877 0.0157669 -37.001
17.5508 0.0162323 -36.951
17.5138 0.0166828 -36.99
17.4746 0.0168658 -38.08
17.4387 0.0171619 -36.991
17.4018 0.0173953 -36.95
17.3646 0.0175053 -37.08
17.3277 0.0176643 -36.981
17.2908 0.017757 -36.94
17.2538 0.0178806 -37.011
17.2167 0.0179724 -37.06
17.1796 0.0180599 -37.031
17.1427 0.0181357 -36.971
17.1058 0.0181579 -36.961
17.0688 0.0181851 -36.951
17.0318 0.0182036 -36.99
16.9945 0.0181806 -37.141
16.9577 0.0182118 -36.97
16.9206 0.018186 -37.051
16.8857 0.0181777 -35.96
16.8478 0.0181119 -36.961
16.8106 0.0180581 -37.041
16.7738 0.0179896 -36.961
16.7368 0.0178639 -36.99
16.6998 0.0178486 -36.99
16.6647 0.0176377 -36.001
16.6267 0.0175154 -37.01
16.5897 0.017391 -37.031
16.5527 0.0172421 -36.99
16.5157 0.0171741 -37.031
16.4788 0.0168339 -36.97
16.4437 0.0167014 -35.991
16.4077 0.016536 -36.031
16.3696 0.0163904 -37.031
16.3346 0.0162676 -36.02
16.2968 0.0159341 -36.901
16.2597 0.0157959 -37.05
16.2229 0.0155797 -36.921
16.1857 0.0153117 -37.02
16.1487 0.0153273 -37.031
16.1117 0.014738 -37.03
16.0767 0.0147249 -35.981
16.0387 0.0143726 -37.01
16.0037 0.0141686 -35.981
15.9678 0.0139694 -35.97
15.9297 0.0136499 -37.04
15.8927 0.0131591 -37.011
15.8557 0.0131318 -37.03
15.8207 0.0128357 -35.981
15.7848 0.0127253 -35.971
15.7469 0.0119046 -36.94
15.7117 0.011949 -36.031
15.6759 0.0116865 -35.95
15.6397 0.0113857 -36.071
15.6016 0.011185 -37.06
15.5648 0.0107056 -36.921
15.5297 0.010458 -36.011
15.4937 0.0101345 -36.01
15.4577 0.0100631 -36
15.4217 0.00973888 -36.021
15.3857 0.00924929 -36.021
15.3495 0.00914891 -36.09
15.3137 0.00883575 -35.95
15.2759 0.00864312 -36.9
15.2408 0.0084333 -35.971
15.2028 0.00797294 -37.001
15.1659 0.00790535 -36.96
15.1267 0.00755083 -38.051
15.0907 0.00738284 -37.051
15.0518 0.0070729 -37.97
15.0158 0.00675814 -37.001
14.9788 0.00668218 -36.96
14.9396 0.00634802 -38.11
14.9038 0.00604761 -36.941
14.8666 0.00588535 -37.08
14.8297 0.00579529 -36.971
14.7927 0.00544139 -36.99
14.7558 0.00521532 -36.98
14.7187 0.00506263 -37.021
14.6799 0.00499482 -37.92
14.6437 0.00465182 -37.041
14.6047 0.0044849 -38.001
14.5687 0.00431559 -37.01
14.5317 0.00417328 -37.011
14.4926 0.00401511 -38.071
14.4567 0.00392201 -36.99
14.4197 0.00363733 -36.98
14.3826 0.00355446 -37.021
14.3456 0.00344194 -37.011
14.3087 0.00337565 -36.98
14.2716 0.00309484 -37.021
14.2348 0.00302073 -36.93
14.1978 0.00290904 -36.971
14.1607 0.00289685 -37.011
14.1196 0.00266665 -39.08
14.0846 0.0025964 -37.011
14.0477 0.00242451 -36.971
14.0109 0.00244498 -36.911
13.9717 0.00232909 -38.03
13.9356 0.00227205 -37.051
13.8988 0.00210424 -36.971
13.8615 0.00213 -37.1
13.8247 0.00198678 -36.941
13.7878 0.00198576 -36.95
13.7509 0.00183754 -36.94
13.7137 0.00184004 -37.051
13.6749 0.00176349 -37.93
13.6367 0.00174979 -38.071
13.5968 0.0016305 -38.991
13.5618 0.00162073 -36.96
13.5226 0.00155025 -38.101
13.4847 0.00155666 -38.021
13.4447 0.00145723 -38.991
13.4057 0.00143646 -38.98
13.3687 0.00142166 -38.001
13.3307 0.00138746 -38.001
13.2948 0.00135091 -36.971
13.2577 0.001313 -37.001
13.2209 0.00128572 -36.93
13.1836 0.00128068 -37.1
13.1467 0.00125234 -37.011
13.1077 0.00122546 -37.98
13.0717 0.00120483 -37.001
13.0348 0.0011845 -36.971
12.9977 0.00118449 -37.03
12.9608 0.00115797 -36.951
12.9237 0.0011358 -37.05
12.8867 0.00113426 -37.011
12.8496 0.00111782 -37.061
12.8128 0.00110138 -36.921
12.7757 0.00109425 -37.03
12.7389 0.00108191 -36.881
12.7017 0.00107925 -37.05
12.6647 0.00106684 -37.031
12.6257 0.00105408 -38.01
12.5898 0.00104974 -36.96
12.5528 0.00104417 -36.991
12.5157 0.00104144 -37.05
12.4789 0.00103059 -36.94
12.4418 0.00102694 -36.971
12.4026 0.00102606 -38.091
12.3666 0.00101613 -37.08
12.3278 0.00101483 -37.931
12.2917 0.00100792 -37.011
12.2548 0.00100712 -36.94
12.2177 0.001009 -37.04
12.1808 0.00100149 -36.98
12.1438 0.000997989 -36.951
12.1066 0.000995461 -37.12
12.0678 0.000994507 -37.96
12.0317 0.000994325 -37.03
11.9946 0.000990157 -37.03
11.9579 0.000988385 -36.881
11.9207 0.000987466 -37.03
11.8817 0.00098585 -38.041
11.8457 0.00098561 -37.011
11.8068 0.000984952 -37.93
11.7708 0.00098396 -36.991
11.7337 0.000983106 -37.04
11.6947 0.000981926 -38.041
11.6567 0.000980956 -37.98
11.6207 0.000980258 -37.03
11.5838 0.000980474 -36.951
11.5469 0.000980938 -36.94
11.5058 0.000979098 -39.01
11.4687 0.00097816 -38.061
11.4307 0.000977446 -38.03
11.3927 0.000975531 -38.001
11.3547 0.000974657 -38.001
11.3168 0.000976088 -37.951
11.2787 0.000975535 -38.02
11.2407 0.000976389 -38.001
11.2029 0.000975996 -37.93
11.1647 0.00097516 -38.051
11.1268 0.000976914 -37.97
11.0886 0.000977464 -38.091
11.0506 0.000975822 -38.03
11.0127 0.000974971 -37.991
10.9748 0.000973292 -37.941
10.9367 0.000973725 -37.99
10.8986 0.000973408 -38.091
10.8587 0.000974507 -38.991
10.8247 0.00097458 -36.491
10.7863 0.000974994 -37.42
10.7508 0.000972573 -36.46
10.7122 0.000974057 -37.561
10.6767 0.000973465 -36.53
10.6392 0.000975281 -36.991
10.6023 0.000974387 -36.94
10.5653 0.000974423 -36.98
10.5272 0.000973872 -37.521
10.4897 0.000973642 -37.54
10.4512 0.000974094 -38.02
10.4153 0.000972886 -36.971
10.3783 0.0009732 -36.961
10.3411 0.000973459 -37.11
10.3043 0.000973786 -36.941
10.2674 0.000974137 -36.94
10.2282 0.000974759 -38.041
10.1924 0.000973938 -36.95
10.1552 0.00097335 -37.03
10.1162 0.0009743 -38.021
10.0771 0.000975785 -38.55
10.0417 0.000975641 -37.011
10.0058 0.000976176 -36.46
9.96825 0.000975648 -36.99
9.93132 0.000977047 -36.961
9.89614 0.000979063 -36.071
9.86007 0.000982084 -36.07
9.82414 0.000981783 -36.001
9.78626 0.000986619 -36.94
9.75128 0.00099242 -35.96
9.71538 0.000995687 -35.931
9.67919 0.00100623 -36.061
9.64329 0.00101293 -35.98
9.60717 0.00101996 -36.051
9.56906 0.00102755 -37.08
9.53424 0.00103783 -35.95
9.49823 0.00104685 -35.981
9.46237 0.00105697 -35.92
9.42627 0.0010696 -36.011
9.39012 0.00107763 -36.081
9.3541 0.00108921 -36.05
9.31833 0.0010966 -35.91
9.28224 0.00110636 -36.001
9.24634 0.001116 -35.95
9.21029 0.00112871 -36
9.17627 0.00113644 -35.01
9.13914 0.00114598 -36.071
9.10313 0.00115316 -36.04
9.06725 0.00116544 -35.96
9.03125 0.00117412 -35.981
8.99533 0.00118496 -35.95
8.95938 0.00119365 -35.951
8.92521 0.00120373 -35.06
8.88813 0.00120805 -36.07
8.85216 0.00121879 -36.021
8.81816 0.00122722 -35.01
8.78141 0.00123832 -35.881
8.74523 0.00124967 -36.031
8.70926 0.00125282 -36
8.67328 0.00126178 -35.99
8.63735 0.00127322 -35.96
8.60325 0.00128022 -35.031
8.56628 0.00128857 -36
8.5323 0.00129697 -34.991
8.49517 0.001308 -36.06
8.45923 0.00131407 -36.001
8.42519 0.00132913 -35.02
8.39025 0.00132684 -34.98
8.35323 0.00134082 -36.001
8.31921 0.00135098 -35.01
8.28226 0.00136007 -35.981
8.2462 0.00136888 -36.02
8.21016 0.00137578 -36.031
8.17633 0.00138806 -34.931
8.1392 0.00139522 -36.03
8.10327 0.00141034 -35.981
8.06731 0.00141671 -35.971
8.03322 0.00142267 -35.03
7.99615 0.00143852 -36.051
7.96026 0.00143856 -35.97
7.92607 0.00145322 -35.08
7.88929 0.00146853 -35.93
7.85322 0.00147012 -36.001
7.8172 0.00148304 -36.011
7.78123 0.00148907 -35.99
7.7432 0.00150176 -37.01
7.70819 0.00151178 -36.011
7.67236 0.00152008 -35.92
7.63626 0.0015266 -36.011
7.60029 0.0015415 -35.99
7.56432 0.00155497 -35.981
7.52808 0.00156241 -36.11
7.49015 0.00157133 -37.021
7.45519 0.00158124 -35.99
7.4193 0.00159236 -35.941
7.38114 0.00160456 -37.05
7.34601 0.00161871 -36.09
7.30836 0.00162061 -36.871
7.27119 0.00162437 -37.021
7.23419 0.00163515 -37.01
7.19718 0.00165775 -37.011
7.16027 0.00165185 -36.96
7.12325 0.00166265 -36.991
7.08644 0.00166629 -36.901
7.0492 0.0016731 -37.07
7.01215 0.00167802 -37.06
6.97329 0.00169245 -37.96
6.93719 0.00169284 -37.031
6.90038 0.00169876 -36.921
6.86306 0.00169959 -37.12
6.82624 0.00170447 -36.971
6.78937 0.00170595 -36.92
6.75223 0.00171911 -37.031
6.71322 0.00172561 -38.02
6.67718 0.0017246 -37.031
6.64027 0.00172454 -36.97
6.6012 0.00173749 -38.021
6.56528 0.00173282 -36.971
6.52827 0.00174241 -36.99
6.49126 0.00173601 -37
6.45428 0.00173637 -36.991
6.41715 0.00173568 -37.061
6.38005 0.00174064 -37.08
6.34321 0.00174073 -36.961
6.30613 0.00173368 -37.021
6.26933 0.00173954 -36.91
6.22822 0.00173982 -39.011
6.19131 0.00173064 -37.96
6.15315 0.00173442 -38.06
6.11521 0.00173268 -38.001
6.07531 0.00173404 -38.95
6.03814 0.00172894 -38.06
5.99818 0.00172341 -39.011
5.95939 0.00172481 -38.9
5.92017 0.00171966 -39.061
5.88113 0.00172088 -39.05
5.84224 0.00170655 -38.97
5.80531 0.00170516 -37.951
5.76716 0.00170053 -38.051
5.73325 0.00170535 -35.98
5.69535 0.00169585 -36.941
5.66017 0.00169041 -36.06
5.62229 0.0016854 -36.971
5.58716 0.00168787 -36.05
5.54933 0.00168632 -36.941
5.51231 0.00168454 -36.98
5.47527 0.00168369 -37.011
5.44014 0.00170299 -36.07
5.40219 0.00172799 -37.011
5.36498 0.00175945 -37.11
5.33011 0.00179474 -35.99
5.2944 0.00186819 -35.85
5.25835 0.00193839 -35.951
5.22018 0.00203797 -37.06
5.18516 0.00215577 -36.041
5.14924 0.00227959 -35.98
5.11314 0.00244347 -36.04
5.07732 0.00258088 -35.931
5.04139 0.00276732 -35.93
5.00536 0.00294581 -35.981
4.96906 0.00312778 -36.14
4.93312 0.00329627 -36.041
4.89518 0.00348419 -36.99
4.85825 0.0036812 -36.961
4.82307 0.00389042 -36.07
4.78736 0.00401091 -35.891
4.75125 0.0041274 -36
4.71325 0.00430712 -37
4.67829 0.00444701 -35.981
4.64015 0.00451749 -37.061
4.60411 0.00459282 -36.551
4.56696 0.00465538 -36.85
4.52979 0.00472225 -37.011
4.49268 0.00478059 -37.06
4.45564 0.00480795 -37.051
4.42063 0.00482642 -36.03
4.38274 0.00486644 -36.961
4.34766 0.00486613 -36.02
4.30988 0.00489194 -36.901
4.27478 0.00490066 -36
4.23878 0.0049014 -36.001
4.20072 0.00491229 -37.03
4.16365 0.00492142 -37.05
4.1287 0.00491873 -36.001
4.09282 0.00492378 -35.941
4.05682 0.00491616 -35.97
4.01863 0.00489715 -37.08
3.98177 0.00489932 -36.971
3.94662 0.00489152 -36.06
3.91066 0.00488143 -36.011
3.87257 0.00483203 -37.051
3.8357 0.0048155 -36.96
3.8008 0.00481979 -35.931
3.76275 0.00480834 -36.991
3.72782 0.00472844 -35.96
3.68972 0.00469537 -37.031
3.65273 0.0046898 -37.01
3.61774 0.00467795 -36.001
3.57972 0.00467439 -37.01
3.54465 0.00455413 -36.04
3.50873 0.0045054 -35.981
3.47087 0.00448991 -36.92
3.43359 0.004525 -37.101
3.39865 0.00441017 -36.02
3.36251 0.00431493 -36.081
3.32471 0.00432426 -36.94
3.28979 0.00431613 -35.931
3.25184 0.00422644 -36.94
3.21466 0.00413669 -37.06
3.17788 0.00407741 -36.921
3.1407 0.00410357 -37.05
3.10565 0.00402767 -36.05
3.06958 0.00396347 -36.06
3.0317 0.00384795 -36.971
2.99681 0.00379403 -35.931
2.96078 0.00383327 -35.98
2.92464 0.00374163 -36.06
2.8887 0.0036201 -36.001
2.85072 0.00354454 -36.99
2.81561 0.00356569 -36.051
2.77784 0.00353974 -36.91
2.74067 0.00341406 -37.041
2.70379 0.00327414 -36.961
2.66879 0.00330147 -35.98
2.63071 0.00325979 -37.031
2.59366 0.00320981 -37.04
2.55862 0.003078 -36.04
2.52274 0.00300652 -35.961
2.48482 0.0029997 -36.94
2.4477 0.00300418 -37.031
2.41071 0.00289288 -37.01
2.37364 0.00277617 -37.04
2.3387 0.00274956 -35.99
2.30281 0.00276454 -35.941
2.26659 0.00266393 -36.081
2.23071 0.0026223 -35.98
2.19491 0.00250835 -35.891
2.15872 0.00254058 -36.04
2.12266 0.00248662 -36.05
2.08667 0.00239983 -36.021
2.05061 0.00234946 -36.04
2.01277 0.00229469 -36.94
1.97577 0.00228646 -36.971
1.94074 0.00226182 -36.001
1.90478 0.0021707 -35.98
1.86862 0.00211048 -36.071
1.83459 0.00208944 -35.051
1.79768 0.00211891 -35.98
1.75984 0.00203708 -36.91
1.72263 0.0019657 -37.061
1.68801 0.00195887 -35.84
1.65163 0.00193311 -36.111
1.61568 0.00190671 -36.031
1.57971 0.00186564 -36.001
1.54367 0.00180983 -36.02
1.50779 0.00178858 -35.951
1.47174 0.0017843 -36
1.43578 0.00177937 -35.981
1.39958 0.00169611 -36.09
1.36373 0.0016829 -35.971
1.32954 0.00166672 -35.08
1.29274 0.00165622 -35.94
1.25684 0.00162557 -35.921
1.22076 0.00159528 -36
1.18476 0.00157322 -36.001
1.1487 0.00156843 -36.031
1.11471 0.0015515 -35.01
1.07768 0.00153255 -36.021
1.04378 0.00150613 -34.96
1.0076 0.00150307 -35.571
0.98943 0.00150434 -26.87
0.98894 0.00149226 -13.68
0.997419 0.00148109 -2.601
