Положение (мм) ,Сигнал усреднённый (В), Δ (мкм), Кол-во выборок сигнала АЦП:1 Энергия пучка: Ток пучка: 
1.26457 -0.0018648 148.78 4500.42 6.036
1.33771 -0.00187868 110.959 4500.42 6.036
1.45089 -0.00186827 112.069 4500.42 6.036
1.55666 -0.00187422 108.92 4500.42 6.036
1.67376 -0.00188612 113.01 4500.42 6.036
1.78263 -0.00188017 110.939 4500.42 6.036
1.89379 -0.00189207 111.05 4500.42 6.036
2.00292 -0.00190694 110.09 4500.42 6.036
2.11265 -0.00190694 109.91 4500.42 6.036
2.22286 -0.00192925 110.059 4500.42 6.036
2.33074 -0.00191289 108.969 4500.42 6.036
2.43969 -0.00189802 108.96 4500.42 6.036
2.54881 -0.00188165 109.04 4500.42 6.036
2.65773 -0.00187719 108.979 4500.42 6.036
2.74465 -0.00188314 97.949 4500.42 6.036
2.86896 -0.00186678 111.129 4500.42 6.036
2.97773 -0.00185785 109.95 4500.42 6.036
3.0858 -0.00188165 109.009 4500.42 6.036
3.20069 -0.00189653 111.95 4500.42 6.036
3.31278 -0.00188165 112.019 4500.42 6.036
3.42476 -0.0018995 112 4500.42 6.036
3.5328 -0.00191884 110.02 4500.42 6.036
3.64668 -0.0019352 111.95 4500.42 6.036
3.75683 -0.00196347 111.049 4500.42 6.036
3.83582 -0.00199173 95.02 4500.42 6.036
3.96378 -0.00203784 111.489 4500.42 6.036
4.07417 -0.00207354 110.939 4500.42 6.036
4.18537 -0.00210775 111.07 4500.42 6.036
4.29826 -0.0021256 111.979 4500.42 6.036
4.4083 -0.00213601 111.01 4500.42 6.039
4.51921 -0.00215386 110.959 4500.42 6.039
4.63445 -0.00220592 113.1 4500.42 6.039
4.74301 -0.00223567 110.829 4500.42 6.039
4.8523 -0.00235765 110.059 4500.42 6.039
4.96426 -0.00238293 111.01 4500.42 6.039
5.07739 -0.00240971 112.07 4500.42 6.039
5.18532 -0.00246846 109.999 4500.42 6.039
5.29922 -0.00287677 111.95 4500.42 6.039
5.40919 -0.00378116 110.96 4500.42 6.039
5.51645 -0.0060555 109.109 4500.42 6.039
5.63132 -0.0110222 111.99 4500.42 6.039
5.74117 -0.0210953 110.92 4500.42 6.039
5.85015 -0.0375766 109.949 4500.42 6.039
5.96438 -0.0593874 112.09 4500.42 6.039
6.07623 -0.0779436 111.97 4500.42 6.039
6.18832 -0.0593792 112.029 4500.42 6.039
6.29813 -0.0210522 110.92 4500.42 6.039
6.40725 -0.0133129 110.019 4500.42 6.039
6.51915 -0.015916 110.96 4500.42 6.039
6.62831 -0.0199797 110.059 4500.42 6.039
6.74231 -0.0256693 112.029 4500.42 6.039
6.8802 -0.0353706 124.959 4500.42 6.039
6.97928 -0.0445007 112.02 4500.42 6.039
7.08514 -0.914975 108.94 4500.42 6.039
7.19634 -4.52286 110.069 4500.42 6.039
7.30815 -8.69822 110.94 4500.42 6.039
7.41739 -12.4489 110.089 4500.42 6.039
7.5293 -12.4787 111 4500.42 6.039
7.64222 -12.4787 111.959 4500.42 6.039
7.75424 -12.4787 111.989 4500.42 6.039
7.86427 -12.4787 111.01 4500.42 6.039
7.97528 -12.4787 111.01 4500.42 6.039
8.05631 -12.4787 96.019 4500.42 6.039
8.18223 -12.4787 110.97 4500.42 6.039
8.29332 -12.4787 111.029 4500.42 6.039
8.40827 -12.4787 112.989 4500.42 6.039
8.5133 -12.4787 109.009 4500.42 6.039
8.62813 -12.4787 111.919 4500.42 6.039
8.73841 -12.4787 111.1 4500.42 6.039
8.84721 -12.4787 109.949 4500.42 6.039
8.95744 -12.4787 110.09 4500.42 6.039
9.06915 -12.4787 110.899 4500.42 6.039
9.18239 -12.4787 112.07 4500.42 6.039
9.29214 -12.4787 110.909 4500.42 6.039
9.40725 -12.4787 113.01 4500.42 6.039
9.51432 -12.4787 110.039 4500.42 6.039
9.62226 -12.4787 108.99 4500.42 6.039
9.73727 -12.4787 112 4500.42 6.039
9.84941 -12.4787 112.069 4500.42 6.039
9.95916 -12.4787 110.91 4500.42 6.039
10.0713 -12.4787 111.52 4500.42 6.039
10.1837 -12.4787 111.949 4500.42 6.039
10.2959 -12.4787 112.09 4500.42 6.039
10.4097 -12.4787 112.96 4500.42 6.039
10.5168 -12.4787 110.02 4500.42 6.039
10.6286 -12.4787 110.919 4500.42 6.039
10.7397 -12.4787 110.99 4500.42 6.039
10.8509 -12.4787 111.079 4500.42 6.039
10.9597 -12.4787 109.97 4500.42 6.039
11.0719 -12.4787 111.05 4500.42 6.039
11.1907 -12.4787 114.939 4500.42 6.039
11.2898 -12.4787 107.01 4500.42 6.039
11.4046 -12.4787 110.949 4500.42 6.039
11.5159 -12.4787 111.1 4500.42 6.039
11.6246 -12.4787 109.899 4500.42 6.039
11.7367 -12.4787 110.99 4500.42 6.039
11.8478 -12.4787 111.049 4500.42 6.039
11.9589 -12.4787 111.06 4500.42 6.039
12.0717 -10.7899 111.93 4500.42 6.039
12.1819 -4.56172 111.1 4500.42 6.039
12.2886 -0.760746 108.909 4500.42 6.039
12.3978 -0.0982789 109.039 4500.42 6.039
12.5107 -0.0357633 110.98 4500.42 6.039
12.6239 -0.0329059 112.069 4500.42 6.039
12.7336 -0.026663 110.889 4500.42 6.039
12.8469 -0.0206937 112.09 4500.42 6.039
12.9585 -0.0169066 111.869 4500.42 6.039
13.069 -0.0183658 111.14 4500.42 6.039
13.1816 -0.0296163 111.909 4500.42 6.039
13.2938 -0.0327705 112.04 4500.42 6.039
13.4057 -0.0186425 111.979 4500.42 6.039
13.5179 -0.0109285 112.08 4500.42 6.039
13.6296 -0.00329773 111.869 4500.42 6.039
13.7397 -0.00284554 111.01 4500.42 6.039
13.8509 -0.00260903 111.119 4500.42 6.039
13.9657 -0.00251681 112.94 4500.42 6.039
14.0768 -0.00241417 112 4500.42 6.039
14.1866 -0.00233533 110.91 4500.42 6.039
14.2999 -0.00227435 112.109 4500.42 6.039
14.4077 -0.00225798 109.939 4500.42 6.038
14.5259 -0.00224014 114.09 4500.42 6.038
14.6357 -0.00221782 111.939 4500.42 6.038
14.7459 -0.00214494 111.06 4500.42 6.038
14.8587 -0.00212709 111.95 4500.42 6.038
14.9707 -0.00209436 111.98 4500.42 6.038
15.0807 -0.00207354 110.999 4500.42 6.038
15.1938 -0.00202891 112.03 4500.42 6.038
15.3059 -0.00200214 112.059 4500.42 6.038
15.4137 -0.00198429 109.93 4500.42 6.038
15.5258 -0.00197388 111.039 4500.42 6.038
15.6365 -0.00196347 110.87 4500.42 6.038
15.7499 -0.00194859 112.11 4500.42 6.038
15.8598 -0.00193372 110.989 4500.42 6.038
15.9729 -0.00190843 112.04 4500.42 6.038
16.0806 -0.00190545 109.909 4500.42 6.038
16.1909 -0.00189653 110.06 4500.42 6.038
16.3047 -0.00187868 111.95 4500.42 6.038
16.4149 -0.00186232 111.059 4500.42 6.038
16.5277 -0.00183852 111.95 4500.42 6.038
16.6378 -0.0018519 111.029 4500.42 6.038
16.7507 -0.00184 111.95 4500.42 6.038
16.8609 -0.00180877 111.08 4500.42 6.038
16.9737 -0.00179538 111.969 4500.42 6.038
17.0837 -0.00180282 110.97 4500.42 6.038
17.1967 -0.00179538 111.999 4500.42 6.038
17.3088 -0.00177902 112.02 4500.42 6.038
17.4147 -0.00176712 108.94 4500.42 6.038
17.5258 -0.00173439 110.059 4500.42 6.038
17.6397 -0.00172249 111.98 4500.42 6.038
17.7458 -0.00171654 109.009 4500.42 6.038
17.8608 -0.00171654 112.02 4500.42 6.038
17.9727 -0.00170613 111.969 4500.42 6.038
18.0828 -0.00168754 111.029 4500.42 6.038
18.1956 -0.00167341 111.93 4500.42 6.038
18.3039 -0.00167341 110.099 4500.42 6.038
18.4137 -0.00167787 109.94 4500.42 6.038
18.5219 -0.00164366 109.059 4500.42 6.038
18.6386 -0.00166597 112.899 4500.42 6.038
18.7479 -0.00166151 111.09 4500.42 6.038
18.8598 -0.00164812 111.499 4500.42 6.038
18.9713 -0.0016273 111.489 4500.42 6.038
19.0797 -0.00162358 109.95 4500.42 6.038
19.1917 -0.00160647 110.969 4500.42 6.038
19.3038 -0.00160052 111.56 4500.42 6.038
19.4143 -0.00160201 111.01 4500.42 6.038
19.5233 -0.00158416 109.989 4500.42 6.038
19.6373 -0.00159308 111.999 4500.42 6.038
19.7511 -0.00156928 112.899 4500.42 6.038
19.8623 -0.00156482 112.08 4500.42 6.038
19.9701 -0.00155441 109.929 4500.42 6.038
