Положение (мм) ,Сигнал усреднённый (В), Δ (мкм), Кол-во выборок сигнала АЦП:10 Энергия пучка: Ток пучка: 
0.123899 -0.00345596 11.999 4500.42 5.012
0.1371 -0.00345782 12.6 4500.42 5.012
0.146299 -0.0034547 10.899 4500.42 5.012
0.1578 -0.00346154 11.2 4500.42 5.012
0.168999 -0.00345797 11.199 4500.42 5.012
0.1802 -0.00346258 11.2 4500.42 5.012
0.191199 -0.00346466 11.099 4500.42 5.012
0.201699 -0.00346526 10.799 4500.42 5.012
0.2103 -0.00346838 9.7 4500.42 5.012
0.2246 -0.00346823 12 4500.42 5.012
0.232599 -0.00347597 9.999 4500.42 5.012
0.245 -0.00347433 11.2 4500.42 5.012
0.256199 -0.00347165 11.199 4500.42 5.012
0.2656 -0.00347537 10.3 4500.42 5.012
0.279299 -0.00347046 11.999 4500.42 5.012
0.289499 -0.0034718 11.099 4500.42 5.012
0.3008 -0.00347954 11.2 4500.42 5.012
0.311599 -0.00348102 10.999 4500.42 5.012
0.323 -0.00348311 11.2 4500.42 5.012
0.333999 -0.00348296 11.099 4500.42 5.012
0.345099 -0.00348653 11.099 4500.42 5.012
0.356199 -0.00349411 11.099 4500.42 5.012
0.367499 -0.00348385 11.199 4500.42 5.012
0.3783 -0.00348712 11 4500.42 5.012
0.389499 -0.00348355 11.099 4500.42 5.012
0.419799 -0.00349352 20.699 4500.42 5.012
0.421299 -0.00349002 11.099 4500.42 5.012
0.432599 -0.00350691 11.199 4500.42 5.012
0.443599 -0.00349887 11.099 4500.42 5.012
0.454899 -0.00350021 11.199 4500.42 5.012
0.465899 -0.00350006 11.099 4500.42 5.012
0.4772 -0.00350631 11.2 4500.42 5.012
0.488199 -0.00349679 11.099 4500.42 5.012
0.499299 -0.00349322 11.099 4500.42 5.012
0.510599 -0.00349426 11.199 4500.42 5.012
0.521399 -0.00350401 10.999 4500.42 5.012
0.532599 -0.0035075 11.099 4500.42 5.012
0.543899 -0.00351003 11.199 4500.42 5.012
0.5551 -0.00350408 11.2 4500.42 5.012
0.566099 -0.00349902 11.099 4500.42 5.012
0.576999 -0.00351568 10.999 4500.42 5.012
0.5884 -0.00350497 11.2 4500.42 5.012
0.599199 -0.00351479 10.999 4500.42 5.012
0.6108 -0.00350326 11.3 4500.42 5.012
0.621699 -0.00351033 11.099 4500.42 5.012
0.632799 -0.00351405 11.099 4500.42 5.012
0.644099 -0.00351345 11.199 4500.42 5.012
0.655499 -0.00351107 11.299 4500.42 5.012
0.6634 -0.00350914 9.6 4500.42 5.012
0.675999 -0.00350973 11.099 4500.42 5.012
0.687099 -0.00351301 11.099 4500.42 5.012
0.698 -0.0035078 11 4500.42 5.012
0.709199 -0.00351018 11.099 4500.42 5.012
0.720499 -0.0035081 11.199 4500.42 5.012
0.731499 -0.00351226 11.099 4500.42 5.012
0.742599 -0.00351702 11.099 4500.42 5.012
0.751699 -0.00352327 10.099 4500.42 5.012
0.7656 -0.00350988 12 4500.42 5.012
0.772799 -0.00350914 9.599 4500.42 5.012
0.7852 -0.00351568 11 4500.42 5.012
0.796599 -0.00351033 11.199 4500.42 5.012
0.807799 -0.00350616 11.199 4500.42 5.012
0.818999 -0.00350349 11.199 4500.42 5.012
0.8304 -0.00351033 11.3 4500.42 5.012
0.841299 -0.00351375 11.099 4500.42 5.012
0.852599 -0.00351122 11.199 4500.42 5.012
0.863799 -0.00350839 11.199 4500.42 5.012
0.8746 -0.00351375 11 4500.42 5.012
0.886199 -0.00350869 11.299 4500.42 5.012
0.897299 -0.00350661 11.199 4500.42 5.012
0.908299 -0.00350958 11.099 4500.42 5.012
0.919599 -0.00351806 11.199 4500.42 5.012
0.930599 -0.00350944 11.099 4500.42 5.012
0.941899 -0.00351308 11.199 4500.42 5.012
0.952899 -0.00351345 11.099 4500.42 5.012
0.963999 -0.00350676 11.099 4500.42 5.012
0.975299 -0.00350765 11.199 4500.42 5.012
0.986299 -0.00350795 11.099 4500.42 5.012
0.997399 -0.00350482 11.099 4500.42 5.012
1.0085 -0.00351539 11.099 4500.42 5.012
1.0198 -0.00350958 11.199 4500.42 5.012
1.031 -0.00351115 11.2 4500.42 5.012
1.0422 -0.00351107 11.199 4500.42 5.012
1.0532 -0.00351241 11.1 4500.42 5.012
1.0645 -0.00351003 11.199 4500.42 5.012
1.0751 -0.00350929 10.9 4500.42 5.012
1.0862 -0.00350691 10.999 4500.42 5.012
1.0976 -0.0035072 11.2 4500.42 5.012
1.1088 -0.00351375 11.199 4500.42 5.012
1.1198 -0.00351182 11.1 4500.42 5.012
1.1307 -0.00351263 10.999 4500.42 5.012
1.1421 -0.0035142 11.2 4500.42 5.012
1.1533 -0.00352 11.199 4500.42 5.012
1.1643 -0.00352312 11.1 4500.42 5.012
1.1754 -0.00351613 11.099 4500.42 5.012
1.1863 -0.00351955 11 4500.42 5.012
1.1977 -0.00351806 11.2 4500.42 5.012
1.2089 -0.00352714 11.199 4500.42 5.012
1.2201 -0.00352208 11.2 4500.42 5.012
1.2311 -0.00352052 11.099 4500.42 5.012
1.2416 -0.00351777 10.799 4500.42 5.012
1.2522 -0.00351494 10.7 4500.42 5.012
1.2639 -0.00351628 11.199 4500.42 5.012
1.2751 -0.00350676 11.2 4500.42 5.012
1.2861 -0.0035194 11.099 4500.42 5.012
1.2974 -0.00351672 11.2 4500.42 5.012
1.3082 -0.00351464 10.999 4500.42 5.012
1.3164 -0.00350944 9.6 4500.42 5.012
1.3292 -0.00350482 11.2 4500.42 5.012
1.3402 -0.00351137 11.099 4500.42 5.012
1.3513 -0.00351464 11.1 4500.42 5.012
1.3626 -0.00352282 11.199 4500.42 5.012
1.3738 -0.00351985 11.2 4500.42 5.012
1.3848 -0.00351345 11.099 4500.42 5.012
1.3961 -0.00351196 11.2 4500.42 5.012
1.4071 -0.00350988 11.099 4500.42 5.012
1.418 -0.00351286 11 4500.42 5.012
1.4292 -0.00351449 11.099 4500.42 5.012
1.4403 -0.00351405 11.1 4500.42 5.012
1.4514 -0.00351464 11.099 4500.42 5.012
1.4625 -0.00351449 11.1 4500.42 5.012
1.4738 -0.00350825 11.199 4500.42 5.012
1.485 -0.00350676 11.2 4500.42 5.012
1.496 -0.00351137 11.1 4500.42 5.012
1.5073 -0.00349962 11.199 4500.42 5.012
1.5185 -0.00351301 11.2 4500.42 5.012
1.5295 -0.00352297 11.099 4500.42 5.012
1.5408 -0.00350765 11.2 4500.42 5.012
1.552 -0.00351851 11.199 4500.42 5.012
1.5628 -0.00351405 11 4500.42 5.012
1.5742 -0.00351241 11.199 4500.42 5.012
1.5854 -0.00350929 11.2 4500.42 5.012
1.5964 -0.00351479 11.099 4500.42 5.012
1.6077 -0.0035017 11.2 4500.42 5.012
1.6189 -0.00351301 11.199 4500.42 5.012
1.6301 -0.00351553 11.2 4500.42 5.012
1.6413 -0.00351256 11.2 4500.42 5.012
1.6525 -0.00350899 11.199 4500.42 5.012
1.6633 -0.00350646 11 4500.42 5.012
1.6747 -0.00350215 11.199 4500.42 5.012
1.6857 -0.00349887 11.1 4500.42 5.012
1.697 -0.00350944 11.199 4500.42 5.012
1.708 -0.00350869 11.1 4500.42 5.012
1.7191 -0.00350587 11.099 4500.42 5.012
1.7304 -0.00351286 11.2 4500.42 5.012
1.7414 -0.00350557 11.099 4500.42 5.012
1.7523 -0.00350482 11 4500.42 5.012
1.7635 -0.00350839 11.099 4500.42 5.012
1.7748 -0.00350393 11.2 4500.42 5.012
1.786 -0.00350958 11.199 4500.42 5.012
1.7972 -0.00350572 11.2 4500.42 5.012
1.8084 -0.0035081 11.199 4500.42 5.012
1.8196 -0.00350111 11.2 4500.42 5.012
1.8306 -0.00349813 11.099 4500.42 5.012
1.8415 -0.00350445 11 4500.42 5.012
1.8527 -0.00350973 11.099 4500.42 5.012
1.8634 -0.00350735 10.9 4500.42 5.012
1.8747 -0.00350988 11.099 4500.42 5.012
1.8858 -0.00350646 11.1 4500.42 5.012
1.8971 -0.00350869 11.199 4500.42 5.012
1.9081 -0.00350929 11.1 4500.42 5.012
1.9192 -0.00350304 11.099 4500.42 5.012
1.9305 -0.00350765 11.2 4500.42 5.012
1.9417 -0.00350192 11.2 4500.42 5.012
1.9525 -0.0035014 10.999 4500.42 5.012
1.9639 -0.00349649 11.2 4500.42 5.012
1.9751 -0.00350051 11.199 4500.42 5.012
1.9863 -0.0034962 11.2 4500.42 5.012
1.9975 -0.00350542 11.199 4500.42 5.012
2.0087 -0.00350066 11.2 4500.42 5.012
2.0197 -0.00350869 11.099 4500.42 5.012
2.0308 -0.00350393 11.099 4500.42 5.012
2.0417 -0.00349746 11 4500.42 5.012
2.0527 -0.00350021 11 4500.42 5.012
2.0641 -0.00349887 11.2 4500.42 5.012
2.0751 -0.00349977 11.099 4500.42 5.012
2.0862 -0.00349233 11.099 4500.42 5.012
2.0973 -0.00349887 11.099 4500.42 5.012
2.1086 -0.00349947 11.2 4500.42 5.012
2.1198 -0.00349352 11.2 4500.42 5.012
2.131 -0.00349828 11.2 4500.42 5.012
2.1422 -0.00349969 11.199 4500.42 5.012
2.1534 -0.00349902 11.2 4500.42 5.012
2.1642 -0.00349724 11 4500.42 5.012
2.1754 -0.00349337 11.099 4500.42 5.012
2.1869 -0.00349992 11.3 4500.42 5.012
2.1976 -0.00349724 10.999 4500.42 5.012
2.209 -0.00349724 11.2 4500.42 5.012
2.2202 -0.00349813 11.2 4500.42 5.012
2.2314 -0.00349575 11.2 4500.42 5.012
2.2426 -0.00349664 11.199 4500.42 5.012
2.2516 -0.00349664 10.099 4500.42 5.012
2.2661 -0.00350215 12.3 4500.42 5.012
2.276 -0.00349679 11.099 4500.42 5.012
2.2873 -0.00349962 11.2 4500.42 5.012
2.2983 -0.00349486 11.099 4500.42 5.012
2.3094 -0.00349263 11.099 4500.42 5.012
2.3207 -0.00348311 11.2 4500.42 5.012
2.3319 -0.00348809 11.2 4500.42 5.012
2.3431 -0.00348415 11.2 4500.42 5.012
2.3543 -0.00349605 11.2 4500.42 5.012
2.3653 -0.0034901 11.099 4500.42 5.012
2.3766 -0.00348504 11.2 4500.42 5.012
2.3878 -0.00348816 11.199 4500.42 5.012
2.399 -0.00348132 11.2 4500.42 5.012
2.4098 -0.00348787 11 4500.42 5.012
2.418 -0.00349099 9.599 4500.42 5.012
2.434 -0.00348355 12.799 4500.42 5.012
2.4434 -0.00348489 11.1 4500.42 5.012
2.4547 -0.00347983 11.199 4500.42 5.012
2.4659 -0.00348534 11.2 4500.42 5.012
2.4771 -0.00348846 11.2 4500.42 5.012
2.4879 -0.003484 11 4500.42 5.012
2.4989 -0.00348236 10.999 4500.42 5.012
2.5099 -0.00347924 11 4500.42 5.012
2.5209 -0.00348028 11 4500.42 5.012
2.5321 -0.00347716 11.099 4500.42 5.012
2.5434 -0.00347998 11.2 4500.42 5.012
2.5542 -0.00348117 11 4500.42 5.012
2.5654 -0.00349084 11.099 4500.42 5.012
2.5765 -0.00348207 11.099 4500.42 5.012
2.5878 -0.00348653 11.2 4500.42 5.012
2.599 -0.00348831 11.2 4500.42 5.012
2.6098 -0.00349292 11 4500.42 5.012
2.621 -0.00349575 11.099 4500.42 5.012
2.6323 -0.00348571 11.2 4500.42 5.012
2.6435 -0.00348474 11.199 4500.42 5.012
2.6545 -0.00348549 11.1 4500.42 5.012
2.6654 -0.00348578 10.999 4500.42 5.012
2.6766 -0.00348088 11.1 4500.42 5.012
2.6877 -0.00348727 11.099 4500.42 5.012
2.699 -0.00349084 11.2 4500.42 5.012
2.7102 -0.00349426 11.199 4500.42 5.012
2.7212 -0.00348474 11.1 4500.42 5.012
2.7321 -0.00347612 10.999 4500.42 5.012
2.7433 -0.00347983 11.1 4500.42 5.012
2.7544 -0.00346794 11.099 4500.42 5.012
2.7655 -0.00347017 11.099 4500.42 5.012
2.777 -0.00347746 11.299 4500.42 5.012
2.7881 -0.00347924 11.2 4500.42 5.012
2.7993 -0.00347032 11.2 4500.42 5.012
2.8103 -0.0034666 11.099 4500.42 5.012
2.8216 -0.00347671 11.2 4500.42 5.012
2.8326 -0.00347165 11.099 4500.42 5.012
2.8437 -0.00347032 11.099 4500.42 5.012
2.8548 -0.00346451 11.1 4500.42 5.012
2.8657 -0.00346704 10.999 4500.42 5.012
2.8767 -0.00346511 11 4500.42 5.012
2.8879 -0.00346199 11.099 4500.42 5.012
2.8992 -0.00346407 11.2 4500.42 5.012
2.9104 -0.00346213 11.2 4500.42 5.012
2.9216 -0.00346608 11.2 4500.42 5.012
2.9328 -0.0034608 11.2 4500.42 5.012
2.9436 -0.00346124 10.999 4500.42 5.012
2.955 -0.00346749 11.2 4500.42 5.012
2.966 -0.003466 11.099 4500.42 5.012
2.9765 -0.00345514 10.8 4500.42 5.012
2.9883 -0.00345366 11.299 4500.42 5.012
2.9994 -0.00345827 11.2 4500.42 5.012
3.0102 -0.00345291 11 4500.42 5.012
3.0216 -0.00345269 11.2 4500.42 5.012
3.0326 -0.00345842 11.099 4500.42 5.012
3.0439 -0.0034541 11.2 4500.42 5.012
3.0551 -0.00345306 11.199 4500.42 5.012
3.0663 -0.00344756 11.2 4500.42 5.012
3.0775 -0.00344964 11.2 4500.42 5.012
3.0887 -0.00344562 11.2 4500.42 5.012
3.0999 -0.00345544 11.199 4500.42 5.012
3.1111 -0.00345247 11.2 4500.42 5.012
3.1223 -0.00345395 11.2 4500.42 5.012
3.1333 -0.00344666 11.099 4500.42 5.012
3.1446 -0.00344637 11.2 4500.42 5.012
3.1556 -0.00344339 11.099 4500.42 5.012
3.1667 -0.00345053 11.1 4500.42 5.012
3.178 -0.00345544 11.199 4500.42 5.012
3.189 -0.00346005 11.1 4500.42 5.012
3.2001 -0.00345455 11.099 4500.42 5.012
3.2114 -0.00344518 11.2 4500.42 5.012
3.2224 -0.00344971 11.099 4500.42 5.012
3.2305 -0.00344666 9.599 4500.42 5.012
3.2429 -0.00344904 11 4500.42 5.012
3.2541 -0.0034489 11.099 4500.42 5.012
3.2654 -0.00344979 11.2 4500.42 5.012
3.2762 -0.00345009 11 4500.42 5.012
3.2872 -0.00345128 10.999 4500.42 5.012
3.2986 -0.00345023 11.2 4500.42 5.012
3.3096 -0.00343878 11.1 4500.42 5.012
3.3209 -0.00344086 11.199 4500.42 5.012
3.3319 -0.00344971 11.1 4500.42 5.012
3.343 -0.00344637 11.099 4500.42 5.012
3.3539 -0.00343908 11 4500.42 5.012
3.3653 -0.00344057 11.199 4500.42 5.012
3.3763 -0.00344547 11.1 4500.42 5.012
3.3874 -0.00344324 11.099 4500.42 5.012
3.3987 -0.00344205 11.2 4500.42 5.012
3.4099 -0.00345559 11.199 4500.42 5.012
3.4211 -0.00344428 11.2 4500.42 5.012
3.4323 -0.00344354 11.2 4500.42 5.012
3.4431 -0.00345217 11 4500.42 5.012
3.4547 -0.00344785 11.299 4500.42 5.012
3.4656 -0.0034489 11.099 4500.42 5.012
3.4767 -0.0034425 11.099 4500.42 5.012
3.488 -0.0034483 11.2 4500.42 5.012
3.4992 -0.00345827 11.2 4500.42 5.012
3.5104 -0.00344458 11.2 4500.42 5.012
3.5214 -0.00344934 11.099 4500.42 5.012
3.5325 -0.00344741 11.099 4500.42 5.012
3.5436 -0.00345009 11.1 4500.42 5.012
3.5549 -0.00344771 11.199 4500.42 5.012
3.5661 -0.00344012 11.2 4500.42 5.012
3.5773 -0.00345232 11.2 4500.42 5.012
3.5883 -0.00345306 11.099 4500.42 5.012
3.5996 -0.00344592 11.2 4500.42 5.012
3.6108 -0.00344533 11.2 4500.42 5.012
3.622 -0.00343804 11.199 4500.42 5.012
3.6332 -0.00344726 11.2 4500.42 5.012
3.6444 -0.00344235 11.2 4500.42 5.012
3.6554 -0.00343938 11.099 4500.42 5.012
3.6667 -0.00344562 11.2 4500.42 5.012
3.6779 -0.00343432 11.2 4500.42 5.012
3.6891 -0.00343685 11.2 4500.42 5.012
3.7001 -0.00344086 11.099 4500.42 5.012
3.7112 -0.00343164 11.099 4500.42 5.012
3.7225 -0.00343692 11.2 4500.42 5.012
3.7335 -0.00343581 11.099 4500.42 5.012
3.7448 -0.003437 11.2 4500.42 5.012
3.756 -0.00343759 11.2 4500.42 5.012
3.767 -0.00343729 11.099 4500.42 5.012
3.7781 -0.00343581 11.099 4500.42 5.012
3.7892 -0.00342926 11.099 4500.42 5.012
3.8003 -0.00342911 11.1 4500.42 5.012
3.8114 -0.0034364 11.099 4500.42 5.012
3.8225 -0.00342651 11.099 4500.42 5.012
3.8338 -0.00342048 11.2 4500.42 5.012
3.8448 -0.00341662 11.099 4500.42 5.012
3.8561 -0.00342004 11.2 4500.42 5.012
3.8669 -0.00342748 11 4500.42 5.012
3.8783 -0.00342167 11.2 4500.42 5.012
3.8895 -0.0034248 11.199 4500.42 5.012
3.9009 -0.00342019 11.3 4500.42 5.012
3.9118 -0.00341892 11.099 4500.42 5.012
3.9231 -0.00341067 11.2 4500.42 5.012
3.9343 -0.0034248 11.199 4500.42 5.012
3.9455 -0.00341409 11.2 4500.42 5.012
3.9565 -0.00341379 11.099 4500.42 5.012
3.9676 -0.00342108 11.1 4500.42 5.012
3.9789 -0.00341647 11.199 4500.42 5.012
3.9899 -0.00341483 11.1 4500.42 5.012
4.001 -0.00340873 11.099 4500.42 5.012
4.0121 -0.00340903 11.1 4500.42 5.012
4.0234 -0.00340858 11.199 4500.42 5.012
4.0342 -0.00340903 11 4500.42 5.012
4.0454 -0.00341409 11.099 4500.42 5.012
4.0561 -0.0034062 10.9 4500.42 5.012
4.0674 -0.00340308 11.099 4500.42 5.012
4.0785 -0.00341111 11.099 4500.42 5.012
4.0896 -0.00340427 11.099 4500.42 5.012
4.1007 -0.00340338 11.099 4500.42 5.012
4.1118 -0.00340278 11.099 4500.42 5.012
4.1229 -0.00340293 11.099 4500.42 5.012
4.1338 -0.00340844 11 4500.42 5.012
4.145 -0.00340293 11.099 4500.42 5.012
4.1561 -0.00340963 11.099 4500.42 5.012
4.1674 -0.00339743 11.2 4500.42 5.012
4.1786 -0.00339445 11.199 4500.42 5.012
4.1864 -0.00339996 9.5 4500.42 5.012
4.1989 -0.00339445 11 4500.42 5.012
4.2101 -0.00339356 11.099 4500.42 5.012
4.2214 -0.00339512 11.2 4500.42 5.012
4.2324 -0.00338999 11.099 4500.42 5.012
4.2439 -0.0033888 11.299 4500.42 5.012
4.2536 -0.00337898 10.5 4500.42 5.012
4.2665 -0.00338374 11.7 4500.42 5.012
4.277 -0.00338895 11.099 4500.42 5.012
4.2881 -0.00338806 11.099 4500.42 5.012
4.2992 -0.00338954 11.099 4500.42 5.012
4.3105 -0.00338746 11.199 4500.42 5.012
4.3219 -0.00339542 11.3 4500.42 5.012
4.3328 -0.00339549 11.099 4500.42 5.012
4.3439 -0.00339475 11.099 4500.42 5.012
4.3552 -0.00338865 11.2 4500.42 5.012
4.3664 -0.00339192 11.199 4500.42 5.012
4.3776 -0.00339044 11.199 4500.42 5.012
4.3888 -0.00339773 11.2 4500.42 5.012
4.4 -0.00339386 11.199 4500.42 5.012
4.4112 -0.00338568 11.2 4500.42 5.012
4.4224 -0.00338568 11.199 4500.42 5.012
4.4336 -0.00339148 11.199 4500.42 5.012
4.4448 -0.00338568 11.2 4500.42 5.012
4.4558 -0.00338449 11.099 4500.42 5.012
4.4671 -0.00338151 11.199 4500.42 5.012
4.4783 -0.00339252 11.2 4500.42 5.012
4.4895 -0.00338999 11.199 4500.42 5.012
4.5007 -0.00338716 11.199 4500.42 5.012
4.5119 -0.00338828 11.2 4500.42 5.012
4.5231 -0.00338315 11.199 4500.42 5.012
4.5343 -0.00337809 11.2 4500.42 5.012
4.5453 -0.00338047 11.099 4500.42 5.012
4.5566 -0.00338107 11.199 4500.42 5.012
4.5674 -0.00338508 11 4500.42 5.012
4.5788 -0.00338315 11.199 4500.42 5.012
4.59 -0.00338166 11.2 4500.42 5.012
4.6014 -0.00338226 11.299 4500.42 5.012
4.6125 -0.00338062 11.2 4500.42 5.012
4.6231 -0.00337735 10.899 4500.42 5.012
4.6346 -0.0033888 11.2 4500.42 5.012
4.6456 -0.00338969 11.099 4500.42 5.012
4.6569 -0.00337869 11.199 4500.42 5.012
4.6679 -0.00338612 11.099 4500.42 5.012
4.6792 -0.0033827 11.2 4500.42 5.012
4.6904 -0.00338136 11.199 4500.42 5.012
4.7012 -0.00338411 11 4500.42 5.012
4.7124 -0.00337869 11.099 4500.42 5.012
4.7237 -0.00337898 11.2 4500.42 5.012
4.7349 -0.00338136 11.199 4500.42 5.012
4.7459 -0.00338464 11.099 4500.42 5.012
4.7574 -0.00337556 11.3 4500.42 5.012
4.7685 -0.00337452 11.199 4500.42 5.012
4.7797 -0.00338345 11.2 4500.42 5.012
4.7903 -0.00337958 10.899 4500.42 5.012
4.8018 -0.00337363 11.2 4500.42 5.012
4.8128 -0.00336931 11.099 4500.42 5.012
4.8239 -0.00337526 11.099 4500.42 5.012
4.8352 -0.0033888 11.199 4500.42 5.012
4.846 -0.00337095 11 4500.42 5.012
4.8572 -0.00337645 11.099 4500.42 5.012
4.8683 -0.00337482 11.099 4500.42 5.012
4.8794 -0.00337452 11.099 4500.42 5.012
4.8903 -0.00337452 11 4500.42 5.012
4.9011 -0.00337571 10.9 4500.42 5.012
4.9122 -0.00337928 11 4500.42 5.012
4.9234 -0.00337393 11.099 4500.42 5.012
4.9345 -0.00337348 11.099 4500.42 5.012
4.9456 -0.00336991 11.099 4500.42 5.012
4.9569 -0.00337497 11.2 4500.42 5.012
4.9679 -0.00336054 11.099 4500.42 5.012
4.9792 -0.00338761 11.199 4500.42 5.012
4.9904 -0.00337631 11.199 4500.42 5.012
5.0018 -0.00337869 11.3 4500.42 5.012
5.0129 -0.00337095 11.199 4500.42 5.012
5.0237 -0.00337958 11 4500.42 5.012
5.0345 -0.00337943 10.9 4500.42 5.012
5.0458 -0.00338315 11.099 4500.42 5.012
5.0571 -0.0033946 11.199 4500.42 5.012
5.0683 -0.00340918 11.2 4500.42 5.012
5.0793 -0.00342272 11.099 4500.42 5.012
5.0904 -0.00344176 11.099 4500.42 5.012
5.1017 -0.00348207 11.199 4500.42 5.012
5.1125 -0.0035493 11 4500.42 5.012
5.1241 -0.00360553 11.3 4500.42 5.012
5.1348 -0.00369418 11 4500.42 5.012
5.146 -0.0037815 11.099 4500.42 5.012
5.1571 -0.00388696 11.099 4500.42 5.012
5.1684 -0.00401429 11.199 4500.42 5.012
5.1792 -0.00412541 11 4500.42 5.012
5.1904 -0.0042804 11.099 4500.42 5.012
5.2015 -0.00449133 11.1 4500.42 5.012
5.2124 -0.00471505 10.999 4500.42 5.012
5.2236 -0.00487718 11.1 4500.42 5.012
5.2343 -0.00504542 10.899 4500.42 5.012
5.2454 -0.00521886 11 4500.42 5.012
5.2566 -0.00537326 11.099 4500.42 5.012
5.2675 -0.00555161 11 4500.42 5.012
5.2789 -0.00575213 11.199 4500.42 5.012
5.2901 -0.00591233 11.2 4500.42 5.012
5.3009 -0.00619718 11 4500.42 5.012
5.3121 -0.00648189 11.099 4500.42 5.012
5.3232 -0.00669073 11.099 4500.42 5.012
5.3345 -0.00690329 11.199 4500.42 5.012
5.3459 -0.00710559 11.3 4500.42 5.012
5.3564 -0.00734627 10.9 4500.42 5.012
5.3677 -0.00751629 11.099 4500.42 5.012
5.3784 -0.00776113 10.899 4500.42 5.012
5.3897 -0.00792431 11.099 4500.42 5.012
5.4008 -0.00827945 11.1 4500.42 5.012
5.4119 -0.00854801 11.099 4500.42 5.012
5.4226 -0.00883837 10.899 4500.42 5.012
5.4339 -0.00899203 11.099 4500.42 5.012
5.4452 -0.00926067 11.2 4500.42 5.012
5.4562 -0.00944958 11.099 4500.42 5.012
5.4671 -0.00964295 11 4500.42 5.012
5.4785 -0.00992082 11.199 4500.42 5.012
5.4893 -0.0100989 11 4500.42 5.012
5.5003 -0.0104684 11 4500.42 5.012
5.5117 -0.0107264 11.199 4500.42 5.012
5.5225 -0.0110327 11 4500.42 5.012
5.5335 -0.0112338 11 4500.42 5.012
5.5445 -0.0114306 11 4500.42 5.012
5.5557 -0.0117607 11.099 4500.42 5.012
5.5666 -0.0118364 11 4500.42 5.012
5.5778 -0.012224 11.099 4500.42 5.012
5.5889 -0.0123529 11.099 4500.42 5.012
5.6002 -0.0125434 11.2 4500.42 5.012
5.6108 -0.0129264 10.899 4500.42 5.012
5.6225 -0.0133008 11.3 4500.42 5.012
5.6336 -0.0134657 11.199 4500.42 5.012
5.6444 -0.0136842 11 4500.42 5.012
5.6556 -0.013966 11.099 4500.42 5.012
5.6667 -0.0141371 11.099 4500.42 5.012
5.678 -0.0144641 11.2 4500.42 5.012
5.6886 -0.0145841 10.899 4500.42 5.012
5.6997 -0.0147712 11 4500.42 5.012
5.7107 -0.0151334 11 4500.42 5.012
5.7219 -0.015401 11.099 4500.42 5.012
5.733 -0.0157458 11.099 4500.42 5.012
5.7443 -0.015771 11.2 4500.42 5.012
5.7555 -0.0161524 11.199 4500.42 5.012
5.7667 -0.016205 11.199 4500.42 5.012
5.7779 -0.0164409 11.2 4500.42 5.012
5.7891 -0.0166617 11.199 4500.42 5.012
5.8003 -0.0167677 11.2 4500.42 5.012
5.8115 -0.0170459 11.199 4500.42 5.012
5.8227 -0.0172698 11.199 4500.42 5.012
5.8337 -0.0172464 11.1 4500.42 5.012
5.845 -0.0174844 11.199 4500.42 5.012
5.8564 -0.0175339 11.3 4500.42 5.012
5.8673 -0.0176937 11.099 4500.42 5.012
5.8784 -0.017791 11.099 4500.42 5.012
5.8897 -0.0178999 11.199 4500.42 5.012
5.9009 -0.0180264 11.2 4500.42 5.012
5.9117 -0.0181515 10.999 4500.42 5.012
5.9231 -0.0182765 11.2 4500.42 5.012
5.9343 -0.0183476 11.199 4500.42 5.012
5.9455 -0.0183382 11.2 4500.42 5.012
5.9565 -0.0184934 11.099 4500.42 5.012
5.9678 -0.0185492 11.199 4500.42 5.012
5.979 -0.0185999 11.2 4500.42 5.012
5.9902 -0.018646 11.199 4500.42 5.012
6.0008 -0.0187283 10.899 4500.42 5.012
6.0125 -0.0188768 11.3 4500.42 5.012
6.0236 -0.0189201 11.2 4500.42 5.012
6.0344 -0.0190014 10.999 4500.42 5.012
6.046 -0.0190289 11.3 4500.42 5.012
6.0571 -0.0190695 11.199 4500.42 5.012
6.0681 -0.0191541 11.1 4500.42 5.012
6.079 -0.0191621 10.999 4500.42 5.012
6.0904 -0.0193055 11.2 4500.42 5.012
6.1014 -0.0193778 11.099 4500.42 5.012
6.1125 -0.0193894 11.099 4500.42 5.012
6.1238 -0.019468 11.199 4500.42 5.012
6.1318 -0.0195572 9.6 4500.42 5.012
6.1446 -0.0195606 11.199 4500.42 5.012
6.1558 -0.0196066 11.199 4500.42 5.012
6.167 -0.0196393 11.2 4500.42 5.012
6.178 -0.0197451 11.099 4500.42 5.012
6.1891 -0.0197649 11.099 4500.42 5.012
6.2004 -0.0198666 11.199 4500.42 5.012
6.2112 -0.0198843 11 4500.42 5.012
6.2224 -0.0199614 11.099 4500.42 5.012
6.2337 -0.02007 11.2 4500.42 5.012
6.2447 -0.0201634 11.099 4500.42 5.012
6.2558 -0.0201231 11.099 4500.42 5.012
6.2673 -0.0202446 11.3 4500.42 5.012
6.2782 -0.0201482 11.099 4500.42 5.012
6.2891 -0.0203222 11 4500.42 5.012
6.3003 -0.0203748 11.099 4500.42 5.012
6.3112 -0.0204882 11 4500.42 5.012
6.3226 -0.0203788 11.199 4500.42 5.012
6.3336 -0.0205666 11.099 4500.42 5.012
6.3447 -0.0206551 11.099 4500.42 5.012
6.356 -0.0207123 11.2 4500.42 5.012
6.3672 -0.0207719 11.199 4500.42 5.012
6.378 -0.020824 11 4500.42 5.012
6.3894 -0.0207431 11.199 4500.42 5.012
6.4002 -0.0209776 11 4500.42 5.012
6.4112 -0.0209772 11 4500.42 5.012
6.4224 -0.0211335 11.099 4500.42 5.012
6.4335 -0.0209763 11.099 4500.42 5.012
6.4448 -0.0211874 11.2 4500.42 5.012
6.456 -0.0212092 11.199 4500.42 5.012
6.467 -0.0212405 11.099 4500.42 5.012
6.4781 -0.0213558 11.099 4500.42 5.012
6.4892 -0.0213278 11.1 4500.42 5.012
6.5005 -0.0214379 11.199 4500.42 5.012
6.5117 -0.0215157 11.199 4500.42 5.012
6.5229 -0.0215682 11.2 4500.42 5.012
6.5337 -0.0217142 11 4500.42 5.012
6.5447 -0.0216021 10.999 4500.42 5.012
6.5563 -0.0216732 11.3 4500.42 5.012
6.567 -0.0217007 11 4500.42 5.012
6.5784 -0.0218807 11.199 4500.42 5.012
6.5894 -0.021722 11.099 4500.42 5.012
6.6003 -0.0218634 11 4500.42 5.012
6.6115 -0.0218924 11.099 4500.42 5.012
6.6226 -0.0220715 11.1 4500.42 5.012
6.6337 -0.0219975 11.099 4500.42 5.012
6.645 -0.0221316 11.199 4500.42 5.012
6.6562 -0.0221486 11.199 4500.42 5.012
6.6674 -0.0222082 11.2 4500.42 5.012
6.6786 -0.0222264 11.199 4500.42 5.012
6.6898 -0.0223272 11.2 4500.42 5.012
6.701 -0.0223135 11.199 4500.42 5.012
6.7122 -0.022438 11.199 4500.42 5.012
6.7232 -0.0224702 11.1 4500.42 5.012
6.7341 -0.0224638 10.999 4500.42 5.012
6.7455 -0.0225566 11.2 4500.42 5.012
6.7567 -0.0224923 11.199 4500.42 5.012
6.7679 -0.0227364 11.2 4500.42 5.012
6.7791 -0.0228441 11.199 4500.42 5.012
6.7901 -0.0226546 11.099 4500.42 5.012
6.8012 -0.0227422 11.099 4500.42 5.012
6.8125 -0.022899 11.2 4500.42 5.012
6.8235 -0.0228126 11.099 4500.42 5.012
6.8344 -0.0226579 11 4500.42 5.012
6.8456 -0.0229039 11.099 4500.42 5.012
6.8569 -0.0229008 11.199 4500.42 5.012
6.8681 -0.022971 11.2 4500.42 5.012
6.8789 -0.0230203 10.999 4500.42 5.012
6.8899 -0.0229825 11 4500.42 5.012
6.9011 -0.0230612 11.099 4500.42 5.012
6.912 -0.0231047 11 4500.42 5.012
6.9234 -0.023188 11.2 4500.42 5.012
6.9344 -0.0231272 11.099 4500.42 5.012
6.9457 -0.0234418 11.199 4500.42 5.012
6.9569 -0.0230378 11.2 4500.42 5.012
6.9679 -0.0232057 11.099 4500.42 5.012
6.979 -0.0233575 11.099 4500.42 5.012
6.9899 -0.0233109 11 4500.42 5.012
7.0013 -0.0234459 11.199 4500.42 5.012
7.0125 -0.0234638 11.199 4500.42 5.012
7.0237 -0.0235578 11.2 4500.42 5.012
7.0343 -0.0235009 10.899 4500.42 5.012
7.0456 -0.023642 11.1 4500.42 5.012
7.0569 -0.0236005 11.199 4500.42 5.012
7.0681 -0.023598 11.199 4500.42 5.012
7.0791 -0.0237378 11.099 4500.42 5.012
7.0904 -0.0237383 11.2 4500.42 5.012
7.1014 -0.0236279 11.099 4500.42 5.012
7.1127 -0.0237972 11.199 4500.42 5.012
7.1235 -0.0239136 11 4500.42 5.012
7.1349 -0.0237674 11.2 4500.42 5.012
7.1457 -0.0240489 10.999 4500.42 5.012
7.1569 -0.023803 11.1 4500.42 5.012
7.168 -0.0240132 11.099 4500.42 5.012
7.1791 -0.024063 11.099 4500.42 5.012
7.1904 -0.023866 11.199 4500.42 5.012
7.201 -0.0240091 10.9 4500.42 5.012
7.2125 -0.0239471 11.199 4500.42 5.012
7.2237 -0.0241122 11.2 4500.42 5.012
7.2347 -0.0240285 11.099 4500.42 5.012
7.2456 -0.0241908 11 4500.42 5.012
7.2602 -0.0241952 12.799 4500.42 5.012
7.2696 -0.0241515 11.099 4500.42 5.012
7.2807 -0.0241588 11.099 4500.42 5.012
7.2918 -0.0242391 11.1 4500.42 5.012
7.3029 -0.0241344 11.099 4500.42 5.012
7.3142 -0.0243582 11.199 4500.42 5.012
7.3254 -0.0243037 11.199 4500.42 5.012
7.336 -0.0242894 10.9 4500.42 5.012
7.3475 -0.0244047 11.199 4500.42 5.012
7.3587 -0.0242915 11.2 4500.42 5.012
7.3695 -0.024443 11 4500.42 5.012
7.3809 -0.0243527 11.199 4500.42 5.012
7.3921 -0.0244085 11.199 4500.42 5.012
7.4031 -0.0244893 11.1 4500.42 5.012
7.4138 -0.024428 10.899 4500.42 5.012
7.4249 -0.0245293 11 4500.42 5.012
7.4361 -0.0244292 11.099 4500.42 5.012
7.447 -0.0244993 11 4500.42 5.012
7.458 -0.0245668 11 4500.42 5.012
7.4692 -0.0244707 11.099 4500.42 5.012
7.4805 -0.024535 11.199 4500.42 5.012
7.4915 -0.0246441 11.1 4500.42 5.012
7.5026 -0.0245677 11.099 4500.42 5.012
7.5137 -0.0245213 11.099 4500.42 5.012
7.5248 -0.0247014 11.099 4500.42 5.012
7.5361 -0.0245299 11.199 4500.42 5.012
7.5471 -0.0246348 11.099 4500.42 5.012
7.5584 -0.0247419 11.2 4500.42 5.012
7.5698 -0.024539 11.3 4500.42 5.012
7.5807 -0.024704 11.099 4500.42 5.012
7.592 -0.0245431 11.199 4500.42 5.012
7.6032 -0.0248082 11.199 4500.42 5.012
7.6142 -0.0245805 11.1 4500.42 5.012
7.6255 -0.0248847 11.199 4500.42 5.012
7.6367 -0.0246511 11.199 4500.42 5.012
7.6481 -0.0246972 11.3 4500.42 5.012
7.6592 -0.0248052 11.199 4500.42 5.012
7.6704 -0.0246388 11.2 4500.42 5.012
7.6816 -0.024782 11.199 4500.42 5.012
7.6894 -0.0247987 9.5 4500.42 5.012
7.7021 -0.0248041 11.099 4500.42 5.012
7.7134 -0.024744 11.2 4500.42 5.012
7.7242 -0.024865 10.999 4500.42 5.012
7.7356 -0.0247133 11.2 4500.42 5.012
7.7466 -0.0247621 11.099 4500.42 5.012
7.7577 -0.0249327 11.099 4500.42 5.012
7.769 -0.024756 11.199 4500.42 5.012
7.78 -0.0251309 11.1 4500.42 5.012
7.7913 -0.0246708 11.199 4500.42 5.012
7.8023 -0.0248165 11.099 4500.42 5.012
7.8132 -0.0247379 11 4500.42 5.012
7.8246 -0.0249013 11.199 4500.42 5.012
7.8356 -0.0247448 11.099 4500.42 5.012
7.8469 -0.0247969 11.2 4500.42 5.012
7.8581 -0.0248091 11.199 4500.42 5.012
7.8691 -0.0248277 11.099 4500.42 5.012
7.8806 -0.0248164 11.3 4500.42 5.012
7.8911 -0.0247902 10.9 4500.42 5.012
7.9022 -0.0248292 11 4500.42 5.012
7.9134 -0.0247813 11.099 4500.42 5.012
7.9247 -0.0248795 11.199 4500.42 5.012
7.9357 -0.0247892 11.099 4500.42 5.012
7.9468 -0.024724 11.099 4500.42 5.012
7.9581 -0.0248835 11.2 4500.42 5.012
7.9693 -0.0246084 11.199 4500.42 5.012
7.9805 -0.0248783 11.199 4500.42 5.012
7.9917 -0.0247345 11.2 4500.42 5.012
8.0029 -0.0247947 11.199 4500.42 5.012
8.0139 -0.0246773 11.1 4500.42 5.012
8.025 -0.0248008 11.099 4500.42 5.012
8.0363 -0.0246793 11.2 4500.42 5.012
8.0475 -0.0248268 11.2 4500.42 5.012
8.0587 -0.0248079 11.199 4500.42 5.012
8.0699 -0.0247447 11.2 4500.42 5.012
8.0811 -0.0246369 11.2 4500.42 5.012
8.0923 -0.0245339 11.199 4500.42 5.012
8.1035 -0.0246895 11.2 4500.42 5.012
8.1143 -0.0245785 11 4500.42 5.012
8.1257 -0.02456 11.199 4500.42 5.012
8.1365 -0.0245771 11 4500.42 5.012
8.1479 -0.0246068 11.199 4500.42 5.012
8.1591 -0.0247627 11.2 4500.42 5.012
8.1703 -0.0245312 11.2 4500.42 5.012
8.1815 -0.024413 11.199 4500.42 5.012
8.1927 -0.0244832 11.2 4500.42 5.012
8.2039 -0.0245254 11.2 4500.42 5.012
8.2149 -0.0245132 11.099 4500.42 5.012
8.2262 -0.0244176 11.2 4500.42 5.012
8.2374 -0.0243797 11.2 4500.42 5.012
8.2486 -0.0244848 11.199 4500.42 5.012
8.2566 -0.0242825 9.6 4500.42 5.012
8.2694 -0.0245552 11.2 4500.42 5.012
8.2804 -0.024319 11.099 4500.42 5.012
8.2913 -0.0243464 11 4500.42 5.012
8.3025 -0.0243339 11.099 4500.42 5.012
8.3134 -0.0243487 11 4500.42 5.012
8.325 -0.0242993 11.3 4500.42 5.012
8.3359 -0.0245024 11.099 4500.42 5.012
8.3472 -0.0241665 11.2 4500.42 5.012
8.3584 -0.0241988 11.2 4500.42 5.012
8.3694 -0.0240816 11.099 4500.42 5.012
8.3807 -0.0240409 11.2 4500.42 5.012
8.3917 -0.0240094 11.099 4500.42 5.012
8.4028 -0.0239812 11.1 4500.42 5.012
8.4139 -0.0241165 11.099 4500.42 5.012
8.4252 -0.0239455 11.2 4500.42 5.012
8.4364 -0.0240359 11.2 4500.42 5.012
8.4474 -0.0240023 11.099 4500.42 5.012
8.4587 -0.0239049 11.2 4500.42 5.012
8.4699 -0.0241167 11.2 4500.42 5.012
8.4807 -0.0239613 10.999 4500.42 5.012
8.4921 -0.0239934 11.2 4500.42 5.012
8.5031 -0.0238449 11.1 4500.42 5.012
8.5142 -0.0239648 11.099 4500.42 5.012
8.5255 -0.0237993 11.2 4500.42 5.012
8.5367 -0.0239425 11.199 4500.42 5.012
8.5477 -0.0238757 11.1 4500.42 5.012
8.5586 -0.0238058 10.999 4500.42 5.012
8.57 -0.0238718 11.2 4500.42 5.012
8.5812 -0.0237372 11.2 4500.42 5.012
8.5924 -0.0237853 11.2 4500.42 5.012
8.6032 -0.0228062 10.999 4500.42 5.012
8.6142 -0.0235137 10.999 4500.42 5.012
8.6256 -0.0235111 11.2 4500.42 5.012
8.6368 -0.0232248 11.2 4500.42 5.012
8.648 -0.0233008 11.199 4500.42 5.012
8.6592 -0.0231726 11.2 4500.42 5.012
8.67 -0.0234039 11 4500.42 5.012
8.681 -0.0232783 10.999 4500.42 5.012
8.6924 -0.0233853 11.2 4500.42 5.012
8.7032 -0.0232566 10.999 4500.42 5.012
8.7142 -0.0232809 11 4500.42 5.012
8.7254 -0.0232446 11.099 4500.42 5.012
8.7367 -0.0232428 11.2 4500.42 5.012
8.7477 -0.0232858 11.099 4500.42 5.012
8.7586 -0.0231474 11 4500.42 5.012
8.77 -0.0230607 11.2 4500.42 5.012
8.7812 -0.0230882 11.199 4500.42 5.012
8.7922 -0.0230625 11.1 4500.42 5.012
8.8031 -0.0229603 10.999 4500.42 5.012
8.8141 -0.0229478 11 4500.42 5.012
8.8255 -0.0229529 11.199 4500.42 5.012
8.8365 -0.0228287 11.1 4500.42 5.012
8.8478 -0.0229121 11.2 4500.42 5.012
8.8588 -0.0227275 11.099 4500.42 5.012
8.8701 -0.0227278 11.2 4500.42 5.012
8.8813 -0.0227287 11.2 4500.42 5.012
8.8895 -0.0226737 9.699 4500.42 5.012
8.9018 -0.0226075 11 4500.42 5.012
8.9132 -0.0225246 11.199 4500.42 5.012
8.9244 -0.0225621 11.2 4500.42 5.012
8.9356 -0.0224369 11.2 4500.42 5.012
8.9462 -0.022405 10.899 4500.42 5.012
8.9577 -0.0224584 11.2 4500.42 5.012
8.9687 -0.0223308 11.099 4500.42 5.012
8.98 -0.0224007 11.2 4500.42 5.012
8.991 -0.0222821 11.1 4500.42 5.012
9.0021 -0.0221089 11.099 4500.42 5.012
9.0134 -0.0222346 11.2 4500.42 5.012
9.0246 -0.0221059 11.2 4500.42 5.012
9.0354 -0.0220805 10.999 4500.42 5.012
9.0462 -0.0221245 10.899 4500.42 5.012
9.0577 -0.0218813 11.2 4500.42 5.012
9.0689 -0.0220352 11.2 4500.42 5.012
9.0803 -0.0219378 11.3 4500.42 5.012
9.0914 -0.0218494 11.199 4500.42 5.012
9.1024 -0.0218011 11.1 4500.42 5.012
9.1135 -0.0217544 11.099 4500.42 5.012
9.1248 -0.0217559 11.2 4500.42 5.012
9.136 -0.0216305 11.2 4500.42 5.012
9.1468 -0.0217028 10.999 4500.42 5.012
9.1582 -0.0215879 11.2 4500.42 5.012
9.1692 -0.0215438 11.099 4500.42 5.012
9.1805 -0.0215749 11.2 4500.42 5.012
9.1915 -0.0214548 11.1 4500.42 5.012
9.2026 -0.0213367 11.099 4500.42 5.012
9.2139 -0.0213601 11.2 4500.42 5.012
9.2249 -0.0212646 11.1 4500.42 5.012
9.2362 -0.0212531 11.199 4500.42 5.012
9.2466 -0.0212436 10.799 4500.42 5.012
9.258 -0.0211677 11.1 4500.42 5.012
9.2691 -0.0211488 11.099 4500.42 5.012
9.2804 -0.0209581 11.2 4500.42 5.012
9.2914 -0.0209669 11.1 4500.42 5.012
9.3027 -0.0208012 11.199 4500.42 5.012
9.3135 -0.0207276 11 4500.42 5.012
9.3247 -0.0207616 11.099 4500.42 5.012
9.3358 -0.0206885 11.1 4500.42 5.012
9.3467 -0.0206943 10.999 4500.42 5.012
9.3579 -0.020623 11.1 4500.42 5.012
9.369 -0.0205207 11.1 4500.42 5.012
9.3799 -0.0205137 10.999 4500.42 5.012
9.3911 -0.0204432 11.1 4500.42 5.012
9.4024 -0.0203254 11.199 4500.42 5.012
9.4136 -0.0202562 11.2 4500.42 5.012
9.4246 -0.0202818 11.1 4500.42 5.012
9.4359 -0.0201162 11.199 4500.42 5.012
9.4471 -0.0201753 11.2 4500.42 5.012
9.4581 -0.0201009 11.099 4500.42 5.012
9.4694 -0.019917 11.2 4500.42 5.012
9.4804 -0.0200856 11.1 4500.42 5.012
9.4915 -0.0198525 11.099 4500.42 5.012
9.5022 -0.0198451 10.9 4500.42 5.012
9.5137 -0.0197037 11.199 4500.42 5.012
9.5249 -0.019769 11.2 4500.42 5.012
9.5361 -0.0195129 11.2 4500.42 5.012
9.5471 -0.0196335 11.099 4500.42 5.012
9.5584 -0.0195429 11.2 4500.42 5.012
9.5696 -0.0195174 11.2 4500.42 5.012
9.5808 -0.0194385 11.199 4500.42 5.012
9.592 -0.0193829 11.2 4500.42 5.012
9.6028 -0.0190903 10.999 4500.42 5.012
9.614 -0.0191336 11.1 4500.42 5.012
9.6249 -0.0191278 10.999 4500.42 5.012
9.6361 -0.0190357 11.1 4500.42 5.012
9.6474 -0.0190174 11.2 4500.42 5.012
9.6586 -0.0189594 11.199 4500.42 5.012
9.6698 -0.0188593 11.2 4500.42 5.012
9.6804 -0.0188287 10.899 4500.42 5.012
9.6915 -0.0187602 11 4500.42 5.012
9.7025 -0.0186927 10.999 4500.42 5.012
9.7137 -0.0185563 11.1 4500.42 5.012
9.7248 -0.0186433 11.099 4500.42 5.012
9.7357 -0.018419 11 4500.42 5.012
9.7471 -0.0184958 11.2 4500.42 5.012
9.7581 -0.0183872 11.099 4500.42 5.012
9.7694 -0.0182865 11.2 4500.42 5.012
9.7806 -0.0180882 11.199 4500.42 5.012
9.7916 -0.0180329 11.1 4500.42 5.012
9.8029 -0.0180348 11.2 4500.42 5.012
9.8141 -0.0179461 11.199 4500.42 5.012
9.8255 -0.0180242 11.3 4500.42 5.012
9.8364 -0.0178646 11.1 4500.42 5.012
9.8473 -0.0178063 10.999 4500.42 5.012
9.8587 -0.0178453 11.2 4500.42 5.012
9.8695 -0.0176778 10.999 4500.42 5.012
9.8809 -0.0176459 11.2 4500.42 5.012
9.8921 -0.017182 11.2 4500.42 5.012
9.9031 -0.0175619 11.099 4500.42 5.012
9.9142 -0.0174553 11.1 4500.42 5.012
9.9257 -0.0174697 11.3 4500.42 5.012
9.9368 -0.0173879 11.199 4500.42 5.012
9.948 -0.0173191 11.2 4500.42 5.012
9.959 -0.0173144 11.1 4500.42 5.012
9.9703 -0.0171615 11.199 4500.42 5.012
9.9811 -0.0170678 11 4500.42 5.012
9.9925 -0.0170431 11.199 4500.42 5.012
10.0037 -0.0170472 11.2 4500.42 5.012
10.0147 -0.016861 11.1 4500.42 5.012
10.026 -0.0169556 11.199 4500.42 5.012
10.0368 -0.016785 11 4500.42 5.012
10.048 -0.0167482 11.099 4500.42 5.012
10.0593 -0.0167657 11.2 4500.42 5.012
10.0705 -0.0165994 11.2 4500.42 5.012
10.0817 -0.0165181 11.199 4500.42 5.012
10.0929 -0.016454 11.2 4500.42 5.012
10.1041 -0.016451 11.2 4500.42 5.012
10.1149 -0.0163698 10.999 4500.42 5.012
10.1263 -0.0162828 11.2 4500.42 5.012
10.1375 -0.0163118 11.2 4500.42 5.012
10.1487 -0.0161275 11.199 4500.42 5.012
10.1597 -0.0161775 11.1 4500.42 5.012
10.171 -0.0160492 11.2 4500.42 5.012
10.1822 -0.0159989 11.199 4500.42 5.012
10.1934 -0.0158761 11.2 4500.42 5.012
10.2044 -0.0159219 11.1 4500.42 5.012
10.2157 -0.015811 11.199 4500.42 5.012
10.2265 -0.015768 11 4500.42 5.012
10.2377 -0.0157266 11.099 4500.42 5.012
10.2488 -0.015596 11.1 4500.42 5.012
10.2599 -0.015621 11.099 4500.42 5.012
10.271 -0.0155087 11.1 4500.42 5.012
10.2821 -0.0154488 11.1 4500.42 5.012
10.2934 -0.0153765 11.199 4500.42 5.012
10.3044 -0.0153182 11.1 4500.42 5.012
10.3153 -0.0152805 10.999 4500.42 5.012
10.3261 -0.0151587 10.9 4500.42 5.012
10.3376 -0.0151791 11.199 4500.42 5.012
10.3486 -0.0150489 11.1 4500.42 5.012
10.3597 -0.015001 11.099 4500.42 5.012
10.3708 -0.0149519 11.1 4500.42 5.012
10.3821 -0.0148999 11.2 4500.42 5.012
10.3933 -0.0147697 11.199 4500.42 5.012
10.4041 -0.0147717 11 4500.42 5.012
10.4153 -0.0146812 11.099 4500.42 5.012
10.4266 -0.0146091 11.2 4500.42 5.012
10.4376 -0.0145654 11.1 4500.42 5.012
10.4487 -0.0145362 11.099 4500.42 5.012
10.46 -0.0144608 11.2 4500.42 5.012
10.4712 -0.0143936 11.2 4500.42 5.012
10.4824 -0.014286 11.199 4500.42 5.012
10.4932 -0.0142656 11 4500.42 5.012
10.5044 -0.0141377 11.099 4500.42 5.012
10.5153 -0.0141425 11 4500.42 5.012
10.5267 -0.0140583 11.199 4500.42 5.012
10.5379 -0.0140282 11.2 4500.42 5.012
10.5489 -0.0139774 11.1 4500.42 5.012
10.5602 -0.0139042 11.199 4500.42 5.012
10.5714 -0.0138013 11.2 4500.42 5.012
10.5824 -0.0136003 11.1 4500.42 5.012
10.5937 -0.0136918 11.199 4500.42 5.012
10.6047 -0.0136532 11.1 4500.42 5.012
10.6158 -0.0135435 11.099 4500.42 5.012
10.6271 -0.0135933 11.2 4500.42 5.012
10.6383 -0.0134246 11.2 4500.42 5.012
10.6497 -0.013445 11.3 4500.42 5.012
10.6604 -0.0133657 10.999 4500.42 5.012
10.6718 -0.01329 11.2 4500.42 5.012
10.6826 -0.0132101 10.999 4500.42 5.012
10.694 -0.0131756 11.2 4500.42 5.012
10.7054 -0.0131283 11.3 4500.42 5.012
10.7163 -0.0130634 11.099 4500.42 5.012
10.7276 -0.0130538 11.2 4500.42 5.012
10.7388 -0.0129493 11.2 4500.42 5.012
10.75 -0.0129058 11.199 4500.42 5.012
10.761 -0.0128451 11.1 4500.42 5.012
10.7721 -0.0127966 11.099 4500.42 5.012
10.7834 -0.0127134 11.2 4500.42 5.012
10.7944 -0.0126364 11.1 4500.42 5.012
10.8055 -0.0126569 11.099 4500.42 5.012
10.8166 -0.0125421 11.1 4500.42 5.012
10.8279 -0.0125892 11.2 4500.42 5.012
10.8387 -0.012453 10.999 4500.42 5.012
10.8497 -0.0124497 10.999 4500.42 5.012
10.8611 -0.0123385 11.2 4500.42 5.012
10.8721 -0.0123018 11.1 4500.42 5.012
10.883 -0.012222 10.999 4500.42 5.012
10.8942 -0.012172 11.1 4500.42 5.012
10.9053 -0.0121552 11.099 4500.42 5.012
10.9162 -0.0120262 11 4500.42 5.012
10.9272 -0.0120704 10.999 4500.42 5.012
10.9384 -0.0119746 11.1 4500.42 5.012
10.9495 -0.0119157 11.099 4500.42 5.012
10.9602 -0.0118595 10.899 4500.42 5.012
10.9715 -0.0118324 11.1 4500.42 5.012
10.9828 -0.0117326 11.2 4500.42 5.012
10.9938 -0.0116958 11.099 4500.42 5.012
11.0051 -0.0116195 11.2 4500.42 5.012
11.0163 -0.0115578 11.2 4500.42 5.012
11.0273 -0.0115712 11.099 4500.42 5.012
11.0382 -0.011499 11 4500.42 5.012
11.0494 -0.0114574 11.099 4500.42 5.012
11.0607 -0.0113748 11.2 4500.42 5.012
11.0719 -0.0112732 11.2 4500.42 5.012
11.0827 -0.0112588 10.999 4500.42 5.012
11.0941 -0.0112206 11.2 4500.42 5.012
11.1051 -0.0111569 11.099 4500.42 5.012
11.1162 -0.0111206 11.1 4500.42 5.012
11.1273 -0.0110898 11.099 4500.42 5.012
11.1384 -0.0110622 11.1 4500.42 5.012
11.1499 -0.0109929 11.3 4500.42 5.012
11.1606 -0.0109372 10.999 4500.42 5.012
11.172 -0.0108722 11.2 4500.42 5.012
11.1828 -0.0108209 10.999 4500.42 5.012
11.1942 -0.0107769 11.2 4500.42 5.012
11.2054 -0.0107299 11.2 4500.42 5.012
11.2164 -0.0106857 11.099 4500.42 5.012
11.2277 -0.0106144 11.2 4500.42 5.012
11.2387 -0.0106115 11.1 4500.42 5.012
11.25 -0.010532 11.199 4500.42 5.012
11.258 -0.0105125 9.6 4500.42 5.012
11.2704 -0.010431 10.999 4500.42 5.012
11.2816 -0.0103702 11.1 4500.42 5.012
11.2927 -0.0103012 11.099 4500.42 5.012
11.3038 -0.0102809 11.1 4500.42 5.012
11.3147 -0.0102391 10.999 4500.42 5.012
11.3255 -0.0101835 10.9 4500.42 5.012
11.3368 -0.0101368 11.099 4500.42 5.012
11.3479 -0.0101085 11.1 4500.42 5.012
11.3592 -0.0100718 11.2 4500.42 5.012
11.37 -0.010005 10.999 4500.42 5.012
11.3814 -0.00997318 11.2 4500.42 5.012
11.3952 -0.00987991 12.499 4500.42 5.012
11.4049 -0.00987069 11.1 4500.42 5.012
11.416 -0.00981223 11.099 4500.42 5.012
11.4273 -0.00949971 11.2 4500.42 5.012
11.4385 -0.00939975 11.2 4500.42 5.012
11.4495 -0.00958212 11.099 4500.42 5.012
11.4608 -0.00957141 11.2 4500.42 5.012
11.4718 -0.00907027 11.099 4500.42 5.012
11.4829 -0.00942206 11.1 4500.42 5.012
11.4936 -0.00941001 10.899 4500.42 5.012
11.5047 -0.00937654 11 4500.42 5.012
11.5155 -0.00937446 10.899 4500.42 5.012
11.5268 -0.00932255 11.1 4500.42 5.012
11.5379 -0.00928655 11.099 4500.42 5.012
11.5492 -0.00924074 11.2 4500.42 5.012
11.5602 -0.00918934 11.099 4500.42 5.012
11.5715 -0.00913498 11.2 4500.42 5.012
11.5825 -0.00909243 11.1 4500.42 5.012
11.5936 -0.00906938 11.099 4500.42 5.012
11.6017 -0.0090008 9.6 4500.42 5.012
11.6145 -0.00899575 11.2 4500.42 5.012
11.6255 -0.00893878 11.099 4500.42 5.012
11.6368 -0.00889787 11.2 4500.42 5.012
11.6478 -0.00883926 11.099 4500.42 5.012
11.6591 -0.00877337 11.2 4500.42 5.012
11.6703 -0.00878586 11.2 4500.42 5.012
11.6815 -0.00870509 11.199 4500.42 5.012
11.6927 -0.00864306 11.2 4500.42 5.012
11.7037 -0.00858922 11.1 4500.42 5.012
11.715 -0.00853715 11.199 4500.42 5.012
11.726 -0.00850264 11.1 4500.42 5.012
11.7373 -0.00845043 11.2 4500.42 5.012
11.7483 -0.00843541 11.099 4500.42 5.012
11.7596 -0.00838186 11.2 4500.42 5.012
11.7706 -0.00830035 11.099 4500.42 5.012
11.7817 -0.00825245 11.1 4500.42 5.012
11.7926 -0.0082163 10.999 4500.42 5.012
11.804 -0.00816112 11.2 4500.42 5.012
11.8152 -0.00813479 11.2 4500.42 5.012
11.8264 -0.0080625 11.2 4500.42 5.012
11.8374 -0.0080558 11.099 4500.42 5.012
11.8487 -0.00799169 11.2 4500.42 5.012
11.8599 -0.00797161 11.199 4500.42 5.012
11.8711 -0.00790118 11.2 4500.42 5.012
11.8821 -0.00781542 11.1 4500.42 5.012
11.8934 -0.00780516 11.199 4500.42 5.012
11.9046 -0.00775518 11.2 4500.42 5.012
11.9156 -0.00772826 11.1 4500.42 5.012
11.9267 -0.00769315 11.099 4500.42 5.012
11.9376 -0.00765998 11 4500.42 5.012
11.949 -0.00763707 11.199 4500.42 5.012
11.9602 -0.00759319 11.2 4500.42 5.012
11.9714 -0.00754158 11.2 4500.42 5.012
11.9826 -0.00749636 11.199 4500.42 5.012
11.9936 -0.00746393 11.1 4500.42 5.012
12.0015 -0.00744191 9.5 4500.42 5.012
12.014 -0.00740026 10.999 4500.42 5.012
12.0254 -0.00737185 11.2 4500.42 5.012
12.0364 -0.00734538 11.099 4500.42 5.012
12.0477 -0.00730254 11.2 4500.42 5.012
12.0587 -0.00729198 11.099 4500.42 5.012
12.07 -0.00722839 11.2 4500.42 5.012
12.0812 -0.00718309 11.2 4500.42 5.012
12.092 -0.00716048 10.999 4500.42 5.012
12.1 -0.0071404 9.5 4500.42 5.012
12.1125 -0.00711348 10.999 4500.42 5.012
12.1237 -0.0070809 11.1 4500.42 5.012
12.1348 -0.00704208 11.099 4500.42 5.012
12.1457 -0.00700891 11 4500.42 5.012
12.1567 -0.00698749 10.999 4500.42 5.012
12.1679 -0.00695893 11.1 4500.42 5.012
12.1792 -0.00691862 11.199 4500.42 5.012
12.19 -0.00688202 11 4500.42 5.012
12.2008 -0.00682356 10.899 4500.42 5.012
12.2121 -0.00680646 11.1 4500.42 5.012
12.2236 -0.00678162 11.3 4500.42 5.012
12.2341 -0.0067358 10.899 4500.42 5.012
12.2454 -0.00672747 11.099 4500.42 5.012
12.2565 -0.00668389 11.1 4500.42 5.012
12.2678 -0.00665473 11.2 4500.42 5.012
12.2788 -0.00661755 11.099 4500.42 5.012
12.2899 -0.00660609 11.1 4500.42 5.012
12.301 -0.00656578 11.099 4500.42 5.012
12.3119 -0.00651491 11 4500.42 5.012
12.3231 -0.00648977 11.099 4500.42 5.012
12.3342 -0.00647371 11.1 4500.42 5.012
12.3451 -0.00644187 10.999 4500.42 5.012
12.3565 -0.00642402 11.2 4500.42 5.012
12.3677 -0.00638699 11.2 4500.42 5.012
12.3789 -0.00636482 11.199 4500.42 5.012
12.3901 -0.00634801 11.2 4500.42 5.012
12.4009 -0.00630503 11 4500.42 5.012
12.4117 -0.00623853 10.899 4500.42 5.012
12.4232 -0.00623184 11.2 4500.42 5.012
12.4344 -0.00621503 11.199 4500.42 5.012
12.4456 -0.00618543 11.2 4500.42 5.012
12.4568 -0.00614408 11.2 4500.42 5.012
12.4674 -0.00614467 10.899 4500.42 5.012
12.4789 -0.00611061 11.2 4500.42 5.012
12.4901 -0.00606948 11.199 4500.42 5.012
12.5011 -0.00604933 11.1 4500.42 5.012
12.512 -0.00601675 10.999 4500.42 5.012
12.5234 -0.00597718 11.2 4500.42 5.012
12.5342 -0.00597183 10.999 4500.42 5.012
12.5454 -0.00594505 11.1 4500.42 5.012
12.5563 -0.00592899 10.999 4500.42 5.012
12.5671 -0.00591337 10.9 4500.42 5.012
12.5784 -0.00588407 11.099 4500.42 5.012
12.5893 -0.0058506 11 4500.42 5.012
12.6005 -0.00583959 11.099 4500.42 5.012
12.6114 -0.00580835 11 4500.42 5.012
12.6224 -0.00579482 10.999 4500.42 5.012
12.6334 -0.00576953 11 4500.42 5.012
12.6448 -0.00575614 11.199 4500.42 5.012
12.6558 -0.00574037 11.1 4500.42 5.012
12.6669 -0.00571479 11.099 4500.42 5.012
12.6782 -0.00569515 11.2 4500.42 5.012
12.6892 -0.0056541 11.1 4500.42 5.012
12.7005 -0.00564302 11.199 4500.42 5.012
12.7115 -0.00560144 11.1 4500.42 5.012
12.7226 -0.00560546 11.099 4500.42 5.012
12.7337 -0.00558716 11.1 4500.42 5.012
12.7448 -0.00553912 11.1 4500.42 5.012
12.7561 -0.00554417 11.199 4500.42 5.012
12.7673 -0.00550074 11.2 4500.42 5.012
12.7779 -0.00549583 10.899 4500.42 5.012
12.7892 -0.00547798 11.1 4500.42 5.012
12.8001 -0.00543916 10.999 4500.42 5.012
12.8115 -0.00541833 11.2 4500.42 5.012
12.8227 -0.00540197 11.2 4500.42 5.012
12.8339 -0.00535779 11.199 4500.42 5.012
12.8451 -0.00534069 11.2 4500.42 5.012
12.8561 -0.00530261 11.1 4500.42 5.012
12.8672 -0.00529844 11.099 4500.42 5.012
12.8783 -0.00529844 11.1 4500.42 5.012
12.8894 -0.00527271 11.099 4500.42 5.012
12.9007 -0.00524266 11.2 4500.42 5.012
12.9117 -0.00521752 11.1 4500.42 5.012
12.923 -0.00521544 11.199 4500.42 5.012
12.934 -0.00520116 11.1 4500.42 5.012
12.9449 -0.0051607 10.999 4500.42 5.012
12.9559 -0.00516472 11 4500.42 5.012
12.9673 -0.00514196 11.199 4500.42 5.012
12.9785 -0.0051253 11.2 4500.42 5.012
12.9895 -0.00511593 11.1 4500.42 5.012
13.0008 -0.00507442 11.199 4500.42 5.012
13.012 -0.00504616 11.2 4500.42 5.012
13.023 -0.00502549 11.1 4500.42 5.012
13.0341 -0.00502697 11.099 4500.42 5.012
13.0454 -0.00498979 11.2 4500.42 5.012
13.0566 -0.00498161 11.2 4500.42 5.012
13.0674 -0.0049639 10.999 4500.42 5.012
13.0784 -0.00494501 10.999 4500.42 5.012
13.09 -0.00491839 11.3 4500.42 5.012
13.1011 -0.00490039 11.2 4500.42 5.012
13.1119 -0.00488388 10.999 4500.42 5.012
13.1231 -0.00486692 11.1 4500.42 5.012
13.1344 -0.00484818 11.2 4500.42 5.012
13.1456 -0.00484773 11.199 4500.42 5.012
13.1568 -0.00482096 11.2 4500.42 5.012
13.168 -0.00480787 11.2 4500.42 5.012
13.179 -0.00477931 11.099 4500.42 5.012
13.1901 -0.00476242 11.1 4500.42 5.012
13.2012 -0.00474405 11.099 4500.42 5.012
13.2121 -0.00473171 11 4500.42 5.012
13.2231 -0.00472174 10.999 4500.42 5.012
13.2343 -0.00470092 11.1 4500.42 5.012
13.2454 -0.0046914 11.099 4500.42 5.012
13.2567 -0.00467384 11.2 4500.42 5.012
13.2675 -0.00466998 11 4500.42 5.012
13.2787 -0.00465897 11.099 4500.42 5.012
13.2898 -0.00463576 11.1 4500.42 5.012
13.3009 -0.00462074 11.099 4500.42 5.012
13.3122 -0.00459694 11.2 4500.42 5.012
13.3232 -0.00458861 11.099 4500.42 5.012
13.3345 -0.00456883 11.2 4500.42 5.012
13.3457 -0.0045602 11.2 4500.42 5.012
13.3571 -0.00454101 11.3 4500.42 5.012
13.3676 -0.00453432 10.899 4500.42 5.012
13.3793 -0.00452063 11.3 4500.42 5.012
13.3904 -0.00449081 11.2 4500.42 5.012
13.4016 -0.00446708 11.199 4500.42 5.012
13.4126 -0.00446887 11.1 4500.42 5.012
13.4239 -0.00445548 11.199 4500.42 5.012
13.4349 -0.00443689 11.1 4500.42 5.012
13.4462 -0.00443257 11.2 4500.42 5.012
13.4574 -0.0044119 11.199 4500.42 5.012
13.4686 -0.00440312 11.2 4500.42 5.012
13.4798 -0.00438497 11.2 4500.42 5.012
13.491 -0.0043727 11.199 4500.42 5.012
13.502 -0.00436415 11.1 4500.42 5.012
13.5129 -0.00434184 10.999 4500.42 5.012
13.5241 -0.00433142 11.1 4500.42 5.012
13.5354 -0.00431818 11.2 4500.42 5.012
13.5464 -0.00430569 11.099 4500.42 5.012
13.5573 -0.00428323 11 4500.42 5.012
13.5685 -0.00427802 11.099 4500.42 5.012
13.5798 -0.00427029 11.2 4500.42 5.012
13.5908 -0.00425058 11.1 4500.42 5.012
13.6023 -0.00424381 11.299 4500.42 5.012
13.6132 -0.00421912 11.1 4500.42 5.012
13.6245 -0.00420722 11.2 4500.42 5.012
13.6355 -0.00418714 11.099 4500.42 5.012
13.6466 -0.00418491 11.1 4500.42 5.012
13.6579 -0.00413894 11.199 4500.42 5.012
13.6691 -0.00415173 11.2 4500.42 5.012
13.6801 -0.00415367 11.1 4500.42 5.012
13.6912 -0.00413879 11.099 4500.42 5.012
13.7023 -0.00410012 11.1 4500.42 5.012
13.7136 -0.00410696 11.2 4500.42 5.012
13.7248 -0.00410622 11.199 4500.42 5.012
13.7356 -0.00408376 11 4500.42 5.012
13.747 -0.0040839 11.199 4500.42 5.012
13.758 -0.00406977 11.1 4500.42 5.012
13.7691 -0.00405951 11.099 4500.42 5.012
13.7804 -0.00405163 11.2 4500.42 5.012
13.7916 -0.00403913 11.2 4500.42 5.012
13.8026 -0.00403348 11.099 4500.42 5.012
13.8131 -0.00401786 10.8 4500.42 5.012
13.8247 -0.00400953 11.199 4500.42 5.012
13.8357 -0.00399332 11.1 4500.42 5.012
13.847 -0.00399183 11.2 4500.42 5.012
13.8582 -0.00398588 11.199 4500.42 5.012
13.8694 -0.00397011 11.2 4500.42 5.012
13.8804 -0.00395784 11.1 4500.42 5.012
13.8913 -0.00394244 10.999 4500.42 5.012
13.9029 -0.0039362 11.3 4500.42 5.012
13.9136 -0.00393188 10.999 4500.42 5.012
13.925 -0.00391612 11.2 4500.42 5.012
13.936 -0.00390674 11.099 4500.42 5.012
13.9471 -0.00389425 11.1 4500.42 5.012
13.9582 -0.00388666 11.1 4500.42 5.012
13.9695 -0.00387923 11.199 4500.42 5.012
13.9805 -0.00386762 11.1 4500.42 5.012
13.9916 -0.00385424 11.099 4500.42 5.012
14.0029 -0.0038468 11.2 4500.42 5.012
14.0141 -0.00383862 11.2 4500.42 5.012
14.0253 -0.00383192 11.199 4500.42 5.012
14.0363 -0.00381809 11.1 4500.42 5.012
14.0474 -0.00380946 11.1 4500.42 5.012
14.0587 -0.00381928 11.199 4500.42 5.012
14.0699 -0.00379838 11.2 4500.42 5.012
14.0811 -0.00378938 11.2 4500.42 5.012
14.0921 -0.00377451 11.099 4500.42 5.012
14.1034 -0.00377317 11.2 4500.42 5.012
14.1142 -0.00376484 10.999 4500.42 5.012
14.1256 -0.00375993 11.2 4500.42 5.012
14.1366 -0.00373955 11.1 4500.42 5.012
14.1479 -0.00374238 11.199 4500.42 5.012
14.1591 -0.0037336 11.2 4500.42 5.012
14.1701 -0.00372468 11.1 4500.42 5.012
14.181 -0.00371218 10.999 4500.42 5.012
14.1922 -0.00371426 11.1 4500.42 5.012
14.2035 -0.00369969 11.199 4500.42 5.012
14.2145 -0.00368942 11.1 4500.42 5.012
14.2256 -0.00368377 11.099 4500.42 5.012
14.2369 -0.00367633 11.2 4500.42 5.012
14.2481 -0.00367172 11.2 4500.42 5.012
14.2589 -0.00365595 10.999 4500.42 5.012
14.2701 -0.00365276 11.1 4500.42 5.012
14.2814 -0.0036503 11.2 4500.42 5.012
14.2926 -0.00364093 11.199 4500.42 5.012
14.3036 -0.00363781 11.1 4500.42 5.012
14.3147 -0.00363409 11.099 4500.42 5.012
14.326 -0.00362323 11.2 4500.42 5.012
14.3372 -0.00361564 11.2 4500.42 5.012
14.3484 -0.00360835 11.199 4500.42 5.012
14.3596 -0.00359645 11.2 4500.42 5.012
14.3708 -0.00359251 11.2 4500.42 5.012
14.3818 -0.00358292 11.099 4500.42 5.012
14.3929 -0.00357965 11.1 4500.42 5.012
14.404 -0.00357429 11.099 4500.42 5.012
14.4153 -0.0035728 11.2 4500.42 5.012
14.4267 -0.00356789 11.3 4500.42 5.012
14.4376 -0.00354752 11.1 4500.42 5.012
14.4489 -0.00354439 11.199 4500.42 5.012
14.4601 -0.0035548 11.2 4500.42 5.012
14.4713 -0.00353309 11.2 4500.42 5.012
14.4823 -0.00353562 11.099 4500.42 5.012
14.4936 -0.00353249 11.2 4500.42 5.012
14.5046 -0.00352386 11.099 4500.42 5.012
14.5159 -0.00352074 11.2 4500.42 5.012
14.5269 -0.00351702 11.1 4500.42 5.012
14.5378 -0.00351077 10.999 4500.42 5.012
14.549 -0.00350006 11.1 4500.42 5.012
14.5597 -0.00349597 10.899 4500.42 5.012
14.5712 -0.00348326 11.2 4500.42 5.012
14.5822 -0.00348162 11.099 4500.42 5.012
14.5931 -0.0034834 11 4500.42 5.012
14.6043 -0.00347195 11.099 4500.42 5.012
14.6156 -0.00345544 11.2 4500.42 5.012
14.6264 -0.00346169 10.999 4500.42 5.012
14.638 -0.0034486 11.3 4500.42 5.012
14.6491 -0.0034486 11.2 4500.42 5.012
14.6597 -0.00344198 10.899 4500.42 5.012
14.6712 -0.00344309 11.2 4500.42 5.012
14.6822 -0.00344235 11.099 4500.42 5.012
14.6933 -0.00342822 11.1 4500.42 5.012
14.7044 -0.00342465 11.1 4500.42 5.012
14.7155 -0.00341944 11.099 4500.42 5.012
14.7266 -0.00340873 11.1 4500.42 5.012
14.7379 -0.00341706 11.199 4500.42 5.012
14.7489 -0.00340844 11.1 4500.42 5.012
14.7602 -0.0034065 11.2 4500.42 5.012
14.7714 -0.00339713 11.199 4500.42 5.012
14.7826 -0.00339237 11.2 4500.42 5.012
14.7934 -0.00338419 11 4500.42 5.012
14.8046 -0.0033827 11.099 4500.42 5.012
14.8159 -0.0033833 11.2 4500.42 5.012
14.8271 -0.00337675 11.199 4500.42 5.012
14.8381 -0.00337303 11.1 4500.42 5.012
14.8492 -0.00337601 11.1 4500.42 5.012
14.8605 -0.00336225 11.199 4500.42 5.012
14.8717 -0.00335637 11.2 4500.42 5.012
14.8827 -0.00335429 11.1 4500.42 5.012
14.8938 -0.00335236 11.099 4500.42 5.012
14.9051 -0.00334492 11.2 4500.42 5.012
14.9163 -0.00334789 11.199 4500.42 5.012
14.9275 -0.00335117 11.2 4500.42 5.012
14.9383 -0.00333391 11 4500.42 5.012
14.9493 -0.0033357 10.999 4500.42 5.012
14.9607 -0.0033296 11.2 4500.42 5.012
14.9719 -0.00331725 11.199 4500.42 5.012
14.9829 -0.00331562 11.1 4500.42 5.012
14.9942 -0.0033174 11.2 4500.42 5.012
15.0054 -0.00331606 11.199 4500.42 5.012
15.0166 -0.00331428 11.2 4500.42 5.012
15.0274 -0.00330386 11 4500.42 5.012
15.0386 -0.00330595 11.099 4500.42 5.012
15.0497 -0.00329553 11.1 4500.42 5.012
15.0612 -0.0032968 11.299 4500.42 5.012
15.0723 -0.00328616 11.2 4500.42 5.012
15.0833 -0.00328483 11.1 4500.42 5.012
15.0944 -0.00328304 11.099 4500.42 5.012
15.1057 -0.00327962 11.2 4500.42 5.012
15.1169 -0.00327902 11.2 4500.42 5.012
15.1281 -0.00327174 11.199 4500.42 5.012
15.1389 -0.00327099 11 4500.42 5.012
15.1503 -0.00326474 11.199 4500.42 5.012
15.1613 -0.00326943 11.1 4500.42 5.012
15.1726 -0.00325969 11.2 4500.42 5.012
15.1836 -0.00326311 11.099 4500.42 5.012
15.1947 -0.00325329 11.1 4500.42 5.012
15.206 -0.00325478 11.2 4500.42 5.012
15.217 -0.0032582 11.099 4500.42 5.012
15.2283 -0.00325061 11.2 4500.42 5.012
15.2393 -0.00323544 11.099 4500.42 5.012
15.2504 -0.00323737 11.1 4500.42 5.012
15.2615 -0.00323723 11.1 4500.42 5.012
15.2726 -0.00323172 11.099 4500.42 5.012
15.2839 -0.0032289 11.2 4500.42 5.012
15.2951 -0.00322979 11.199 4500.42 5.012
15.3059 -0.00322815 11 4500.42 5.012
15.3141 -0.00323247 9.6 4500.42 5.012
15.3269 -0.00322384 11.199 4500.42 5.012
15.3379 -0.00321952 11.1 4500.42 5.012
15.3492 -0.00322205 11.199 4500.42 5.012
15.3604 -0.00321105 11.2 4500.42 5.012
15.3714 -0.00321439 11.1 4500.42 5.012
15.3825 -0.00320465 11.099 4500.42 5.012
15.3938 -0.00320792 11.2 4500.42 5.012
15.4048 -0.00320405 11.1 4500.42 5.012
15.4161 -0.0032109 11.199 4500.42 5.012
15.4273 -0.0032109 11.2 4500.42 5.012
15.4383 -0.00320524 11.099 4500.42 5.012
15.4494 -0.00319974 11.1 4500.42 5.012
15.4607 -0.00319334 11.2 4500.42 5.012
15.4717 -0.00318635 11.099 4500.42 5.012
15.4828 -0.00318546 11.1 4500.42 5.012
15.4941 -0.00318263 11.2 4500.42 5.012
15.5053 -0.00318159 11.199 4500.42 5.012
15.5163 -0.00318769 11.1 4500.42 5.012
15.5272 -0.00318144 10.999 4500.42 5.012
15.5384 -0.00317624 11.1 4500.42 5.012
15.5491 -0.00318159 10.899 4500.42 5.012
15.5604 -0.00316962 11.1 4500.42 5.012
15.5719 -0.00317073 11.3 4500.42 5.012
15.583 -0.0031569 11.199 4500.42 5.012
15.5942 -0.00315824 11.2 4500.42 5.012
15.6052 -0.00315988 11.099 4500.42 5.012
15.6165 -0.00315497 11.2 4500.42 5.012
15.6277 -0.00315794 11.2 4500.42 5.012
15.6387 -0.00315482 11.099 4500.42 5.012
15.6498 -0.00315467 11.1 4500.42 5.012
15.6611 -0.00314939 11.2 4500.42 5.012
15.6723 -0.00314798 11.199 4500.42 5.012
15.6833 -0.00315869 11.1 4500.42 5.012
15.6946 -0.00315274 11.2 4500.42 5.012
15.7058 -0.00314931 11.199 4500.42 5.012
15.7168 -0.00314649 11.1 4500.42 5.012
15.7277 -0.0031392 10.999 4500.42 5.012
15.7391 -0.00313994 11.2 4500.42 5.012
15.7503 -0.00314113 11.2 4500.42 5.012
15.7615 -0.00313377 11.199 4500.42 5.012
15.7727 -0.00313161 11.2 4500.42 5.012
15.7833 -0.00313265 10.899 4500.42 5.012
15.7946 -0.00312775 11.1 4500.42 5.012
15.8061 -0.00313027 11.3 4500.42 5.012
15.817 -0.00312819 11.099 4500.42 5.012
15.8281 -0.00312998 11.1 4500.42 5.012
15.8394 -0.00312641 11.2 4500.42 5.012
15.8506 -0.00312157 11.199 4500.42 5.012
15.8616 -0.00312046 11.1 4500.42 5.012
15.8729 -0.00312001 11.2 4500.42 5.012
15.8839 -0.00312418 11.099 4500.42 5.012
15.8952 -0.00311228 11.2 4500.42 5.012
15.9064 -0.00312254 11.2 4500.42 5.012
15.9174 -0.00311585 11.099 4500.42 5.012
15.9285 -0.0031099 11.1 4500.42 5.012
15.9398 -0.00311257 11.199 4500.42 5.012
15.951 -0.00310915 11.2 4500.42 5.012
15.962 -0.00310142 11.1 4500.42 5.012
15.9729 -0.00310067 10.999 4500.42 5.012
15.9843 -0.00310052 11.2 4500.42 5.012
15.9953 -0.00310231 11.099 4500.42 5.012
16.0062 -0.00309948 11 4500.42 5.012
16.0174 -0.00309086 11.099 4500.42 5.012
16.0285 -0.0030974 11.099 4500.42 5.012
16.0398 -0.00309413 11.2 4500.42 5.012
16.0508 -0.00309279 11.099 4500.42 5.012
16.0617 -0.00309205 10.999 4500.42 5.012
16.0729 -0.00309264 11.1 4500.42 5.012
16.084 -0.00308729 11.099 4500.42 5.012
16.0951 -0.00308773 11.099 4500.42 5.012
16.1062 -0.00308476 11.099 4500.42 5.012
16.1175 -0.00307881 11.2 4500.42 5.012
16.1287 -0.00308327 11.199 4500.42 5.012
16.1397 -0.00307806 11.099 4500.42 5.012
16.1508 -0.00308238 11.1 4500.42 5.012
16.1617 -0.00308089 10.999 4500.42 5.012
16.1731 -0.00307598 11.199 4500.42 5.012
16.1843 -0.00307241 11.2 4500.42 5.012
16.1953 -0.00307851 11.099 4500.42 5.012
16.2064 -0.0030742 11.099 4500.42 5.012
16.2175 -0.00307806 11.099 4500.42 5.012
16.229 -0.00306735 11.3 4500.42 5.012
16.2401 -0.00306356 11.199 4500.42 5.012
16.2513 -0.00306721 11.2 4500.42 5.012
16.2593 -0.00305917 9.599 4500.42 5.012
16.2721 -0.00306259 11.199 4500.42 5.012
16.2833 -0.00305233 11.199 4500.42 5.012
16.2945 -0.00305932 11.2 4500.42 5.012
16.3057 -0.0030623 11.199 4500.42 5.012
16.3167 -0.00305352 11.099 4500.42 5.012
16.3276 -0.00305203 11 4500.42 5.012
16.3388 -0.00305754 11.099 4500.42 5.012
16.3495 -0.00304742 10.899 4500.42 5.012
16.3608 -0.003044 11.099 4500.42 5.012
16.3721 -0.00303879 11.2 4500.42 5.012
16.3831 -0.00304593 11.099 4500.42 5.012
16.394 -0.00303552 10.999 4500.42 5.012
16.4054 -0.00303969 11.2 4500.42 5.012
16.4164 -0.00304222 11.099 4500.42 5.012
16.4271 -0.00304088 10.899 4500.42 5.012
16.4386 -0.00304073 11.199 4500.42 5.012
16.4498 -0.00303909 11.2 4500.42 5.012
16.461 -0.00303723 11.199 4500.42 5.012
16.472 -0.00303017 11.099 4500.42 5.012
16.4833 -0.0030263 11.2 4500.42 5.012
16.4945 -0.00303151 11.199 4500.42 5.012
16.5055 -0.00302273 11.099 4500.42 5.012
16.5166 -0.00302496 11.1 4500.42 5.012
16.5277 -0.00302466 11.099 4500.42 5.012
16.5388 -0.00301559 11.099 4500.42 5.012
16.5497 -0.00302184 10.999 4500.42 5.012
16.5611 -0.00301797 11.2 4500.42 5.012
16.5721 -0.0030208 11.099 4500.42 5.012
16.5834 -0.00302124 11.199 4500.42 5.012
16.5946 -0.00301455 11.2 4500.42 5.012
16.6056 -0.00301678 11.099 4500.42 5.012
16.6167 -0.00301827 11.099 4500.42 5.012
16.6278 -0.00301098 11.1 4500.42 5.012
16.6391 -0.00300146 11.199 4500.42 5.012
16.6501 -0.00300101 11.099 4500.42 5.012
16.6614 -0.00300042 11.2 4500.42 5.012
16.6726 -0.00299908 11.199 4500.42 5.012
16.6838 -0.00299863 11.199 4500.42 5.012
16.6946 -0.00299938 10.999 4500.42 5.012
16.706 -0.00299952 11.2 4500.42 5.012
16.7138 -0.00300176 9.499 4500.42 5.012
16.7265 -0.00299938 11.099 4500.42 5.012
16.738 -0.00299908 11.3 4500.42 5.012
16.7489 -0.00299923 11.099 4500.42 5.012
16.76 -0.00299625 11.099 4500.42 5.012
16.7711 -0.00299372 11.1 4500.42 5.012
16.7822 -0.0029842 11.099 4500.42 5.012
16.7931 -0.00298748 10.999 4500.42 5.012
16.8045 -0.00299 11.199 4500.42 5.012
16.8153 -0.0029845 11 4500.42 5.012
16.8265 -0.00299179 11.099 4500.42 5.012
16.8376 -0.00297721 11.099 4500.42 5.012
16.8485 -0.0029784 10.999 4500.42 5.012
16.8595 -0.00297736 11 4500.42 5.012
16.8709 -0.00297758 11.199 4500.42 5.012
16.8819 -0.00297736 11.099 4500.42 5.012
16.893 -0.00297111 11.1 4500.42 5.012
16.9039 -0.00297245 10.999 4500.42 5.012
16.9153 -0.00297037 11.199 4500.42 5.012
16.9265 -0.00297007 11.199 4500.42 5.012
16.9377 -0.00297082 11.2 4500.42 5.012
16.9485 -0.00296382 10.999 4500.42 5.012
16.9597 -0.00296844 11.099 4500.42 5.012
16.9708 -0.00296293 11.1 4500.42 5.012
16.9819 -0.00295743 11.099 4500.42 5.012
16.993 -0.00295936 11.099 4500.42 5.012
17.0043 -0.00296472 11.199 4500.42 5.012
17.0153 -0.00296635 11.1 4500.42 5.012
17.0266 -0.00296219 11.199 4500.42 5.012
17.0378 -0.00295877 11.199 4500.42 5.012
17.0488 -0.00295847 11.1 4500.42 5.012
17.0599 -0.0029552 11.099 4500.42 5.012
17.0714 -0.00295259 11.299 4500.42 5.012
17.0817 -0.00295906 10.8 4500.42 5.012
17.0931 -0.00295594 11.099 4500.42 5.012
17.1038 -0.00295817 10.899 4500.42 5.012
17.1151 -0.00295326 11.099 4500.42 5.012
17.1264 -0.00295579 11.2 4500.42 5.012
17.1372 -0.00295639 10.999 4500.42 5.012
17.148 -0.00295237 10.899 4500.42 5.012
17.1593 -0.0029543 11.099 4500.42 5.012
17.1706 -0.00294888 11.2 4500.42 5.012
17.1818 -0.00295073 11.199 4500.42 5.012
17.1924 -0.00294999 10.899 4500.42 5.012
17.2039 -0.0029488 11.199 4500.42 5.012
17.2147 -0.0029485 11 4500.42 5.012
17.2259 -0.00293988 11.099 4500.42 5.012
17.2372 -0.00293839 11.199 4500.42 5.012
17.2482 -0.00294285 11.1 4500.42 5.012
17.2591 -0.00294226 10.999 4500.42 5.012
17.2703 -0.00294255 11.099 4500.42 5.012
17.2814 -0.00293876 11.099 4500.42 5.012
17.2921 -0.00294136 10.899 4500.42 5.012
17.3034 -0.00294136 11.1 4500.42 5.012
17.3145 -0.00294553 11.099 4500.42 5.012
17.3254 -0.00293705 10.999 4500.42 5.012
17.3368 -0.00293169 11.2 4500.42 5.012
17.3478 -0.00293378 11.099 4500.42 5.012
17.3589 -0.00294032 11.099 4500.42 5.012
17.3696 -0.00292931 10.899 4500.42 5.012
17.3811 -0.00293244 11.2 4500.42 5.012
17.3919 -0.00292946 10.999 4500.42 5.012
17.4031 -0.0029314 11.099 4500.42 5.012
17.4144 -0.00292708 11.199 4500.42 5.012
17.425 -0.00292931 10.9 4500.42 5.012
17.4359 -0.00292738 10.899 4500.42 5.012
17.4472 -0.0029314 11.099 4500.42 5.012
17.4581 -0.00293422 10.999 4500.42 5.012
17.4693 -0.0029314 11.1 4500.42 5.012
17.4802 -0.00293333 10.999 4500.42 5.012
17.4912 -0.00292827 10.999 4500.42 5.012
17.5022 -0.00292872 10.999 4500.42 5.012
17.5128 -0.00292946 10.799 4500.42 5.012
17.524 -0.00292872 11 4500.42 5.012
17.535 -0.00292946 10.999 4500.42 5.012
17.5462 -0.00293036 11.099 4500.42 5.012
17.5573 -0.0029314 11.099 4500.42 5.012
17.5686 -0.00292455 11.2 4500.42 5.012
17.5796 -0.00293541 11.099 4500.42 5.012
17.5907 -0.00292091 11.099 4500.42 5.012
17.6018 -0.0029308 11.099 4500.42 5.012
17.6127 -0.0029186 11 4500.42 5.012
17.6237 -0.00292649 10.999 4500.42 5.012
17.6351 -0.00292917 11.199 4500.42 5.012
17.6461 -0.00292217 11.1 4500.42 5.012
17.6572 -0.00292381 11.099 4500.42 5.012
17.6683 -0.002925 11.099 4500.42 5.012
17.6796 -0.00291741 11.199 4500.42 5.012
17.6908 -0.0029224 11.2 4500.42 5.012
17.7018 -0.00292812 11.099 4500.42 5.012
17.7131 -0.00291102 11.199 4500.42 5.012
17.7241 -0.0029195 11.1 4500.42 5.012
17.7352 -0.00292515 11.099 4500.42 5.012
17.7465 -0.00292113 11.199 4500.42 5.012
17.7573 -0.00292232 11 4500.42 5.012
17.7683 -0.00292039 10.999 4500.42 5.012
17.7797 -0.00291801 11.199 4500.42 5.012
17.7909 -0.00291979 11.199 4500.42 5.012
17.8021 -0.00292054 11.2 4500.42 5.012
17.8131 -0.00291831 11.099 4500.42 5.012
17.8244 -0.00292262 11.199 4500.42 5.012
17.8354 -0.00291816 11.1 4500.42 5.012
17.8467 -0.00291221 11.199 4500.42 5.012
17.8577 -0.00291132 11.099 4500.42 5.012
17.869 -0.00291489 11.2 4500.42 5.012
17.8802 -0.00291563 11.199 4500.42 5.012
17.8914 -0.00290908 11.199 4500.42 5.012
17.902 -0.00292336 10.9 4500.42 5.012
17.9135 -0.00291816 11.199 4500.42 5.012
17.9243 -0.00291682 10.999 4500.42 5.012
17.9357 -0.00292292 11.199 4500.42 5.012
17.9463 -0.00291325 10.9 4500.42 5.012
17.9578 -0.00291489 11.199 4500.42 5.012
17.9688 -0.00291608 11.099 4500.42 5.012
17.9801 -0.00291771 11.2 4500.42 5.012
17.9911 -0.002907 11.099 4500.42 5.012
18.0024 -0.00291325 11.199 4500.42 5.012
18.0136 -0.00290908 11.2 4500.42 5.012
18.0248 -0.00290537 11.199 4500.42 5.012
18.0358 -0.00290953 11.099 4500.42 5.012
18.0473 -0.00290745 11.3 4500.42 5.012
18.0582 -0.002907 11.099 4500.42 5.012
18.0691 -0.00291132 10.999 4500.42 5.012
18.0803 -0.00290626 11.099 4500.42 5.012
18.0912 -0.00290581 11 4500.42 5.012
18.1026 -0.00290685 11.199 4500.42 5.012
18.1138 -0.00290953 11.199 4500.42 5.012
18.1248 -0.00290849 11.1 4500.42 5.012
18.1361 -0.00291146 11.199 4500.42 5.012
18.1471 -0.00290522 11.099 4500.42 5.012
18.1584 -0.00290432 11.2 4500.42 5.012
18.1694 -0.0029018 11.099 4500.42 5.012
18.1805 -0.00291184 11.099 4500.42 5.012
18.1916 -0.00291117 11.099 4500.42 5.012
18.2027 -0.00290447 11.1 4500.42 5.012
18.2142 -0.00290789 11.299 4500.42 5.012
18.2245 -0.0029018 10.799 4500.42 5.012
18.2359 -0.00290135 11.099 4500.42 5.012
18.2472 -0.00290641 11.2 4500.42 5.012
18.2582 -0.00290849 11.099 4500.42 5.012
18.2693 -0.0029067 11.099 4500.42 5.012
18.2804 -0.00290068 11.1 4500.42 5.012
18.2913 -0.00289778 10.999 4500.42 5.012
18.3025 -0.00290239 11.099 4500.42 5.012
18.3138 -0.00290418 11.2 4500.42 5.012
18.3246 -0.00290507 10.999 4500.42 5.012
18.3358 -0.00290566 11.099 4500.42 5.012
18.3467 -0.00291102 10.999 4500.42 5.012
18.3581 -0.00290953 11.2 4500.42 5.012
18.3693 -0.00290537 11.199 4500.42 5.012
18.3799 -0.00289443 10.899 4500.42 5.012
18.3906 -0.00289823 10.799 4500.42 5.012
18.402 -0.00289927 11.099 4500.42 5.012
18.4129 -0.00290522 11 4500.42 5.012
18.4239 -0.00290685 10.999 4500.42 5.012
18.4353 -0.00290938 11.199 4500.42 5.012
18.4463 -0.002907 11.099 4500.42 5.012
18.4576 -0.00290194 11.2 4500.42 5.012
18.4688 -0.00290819 11.199 4500.42 5.012
18.48 -0.00291206 11.2 4500.42 5.012
18.4908 -0.00290656 10.999 4500.42 5.012
18.5022 -0.00290715 11.199 4500.42 5.012
18.5134 -0.00290477 11.199 4500.42 5.012
18.5246 -0.00290804 11.2 4500.42 5.012
18.5358 -0.00291042 11.199 4500.42 5.012
18.5468 -0.002907 11.099 4500.42 5.012
18.5577 -0.00290269 11 4500.42 5.012
18.5689 -0.00290209 11.099 4500.42 5.012
18.5802 -0.00290596 11.199 4500.42 5.012
18.5914 -0.00290343 11.2 4500.42 5.012
18.6024 -0.002907 11.099 4500.42 5.012
18.6133 -0.00290537 10.999 4500.42 5.012
18.6241 -0.00290551 10.899 4500.42 5.012
18.6354 -0.00291057 11.1 4500.42 5.012
18.6465 -0.00290507 11.099 4500.42 5.012
18.6578 -0.00290626 11.199 4500.42 5.012
18.6686 -0.00290685 10.999 4500.42 5.012
18.68 -0.00291429 11.2 4500.42 5.012
18.6912 -0.0029099 11.199 4500.42 5.012
18.7022 -0.00290745 11.099 4500.42 5.012
18.7133 -0.00290432 11.1 4500.42 5.012
18.7244 -0.00290254 11.099 4500.42 5.012
18.7349 -0.00290819 10.799 4500.42 5.012
18.7463 -0.00290551 11.099 4500.42 5.012
18.7544 -0.00290849 9.6 4500.42 5.012
18.7674 -0.00290299 11.299 4500.42 5.012
18.7779 -0.00290209 10.899 4500.42 5.012
18.7894 -0.00290551 11.199 4500.42 5.012
18.8004 -0.00290574 11.1 4500.42 5.012
18.8117 -0.00290492 11.199 4500.42 5.012
18.8225 -0.00290269 10.999 4500.42 5.012
18.8335 -0.00290343 11 4500.42 5.012
18.8447 -0.0029012 11.099 4500.42 5.012
18.8558 -0.00289748 11.099 4500.42 5.012
18.8671 -0.00289882 11.199 4500.42 5.012
18.8783 -0.00290566 11.2 4500.42 5.012
18.8893 -0.00290209 11.099 4500.42 5.012
18.9004 -0.00289927 11.099 4500.42 5.012
18.9117 -0.00289696 11.2 4500.42 5.012
18.9227 -0.00289481 11.099 4500.42 5.012
18.934 -0.00289942 11.199 4500.42 5.012
18.9452 -0.00289466 11.2 4500.42 5.012
18.9564 -0.00289391 11.199 4500.42 5.012
18.9676 -0.00290105 11.199 4500.42 5.012
18.9788 -0.00290403 11.2 4500.42 5.012
18.9898 -0.00289704 11.099 4500.42 5.012
19.0009 -0.00289704 11.099 4500.42 5.012
19.012 -0.00289971 11.1 4500.42 5.012
19.0233 -0.00289719 11.199 4500.42 5.012
19.0345 -0.00289793 11.199 4500.42 5.012
19.0455 -0.00289823 11.1 4500.42 5.012
19.0568 -0.00289778 11.199 4500.42 5.012
19.0678 -0.00289079 11.099 4500.42 5.012
19.0789 -0.00290284 11.099 4500.42 5.012
19.0902 -0.00289473 11.2 4500.42 5.012
19.1014 -0.00290075 11.199 4500.42 5.012
19.1126 -0.00289495 11.2 4500.42 5.012
19.1236 -0.00289719 11.099 4500.42 5.012
19.1347 -0.00289585 11.099 4500.42 5.012
19.1458 -0.00289763 11.099 4500.42 5.012
19.1571 -0.00289555 11.2 4500.42 5.012
19.1681 -0.00289124 11.099 4500.42 5.012
19.1794 -0.00288796 11.199 4500.42 5.012
19.1904 -0.00289785 11.1 4500.42 5.012
19.2017 -0.00289585 11.199 4500.42 5.012
19.2127 -0.00289852 11.099 4500.42 5.012
19.224 -0.00289629 11.2 4500.42 5.012
19.235 -0.00290477 11.099 4500.42 5.012
19.2463 -0.00289942 11.199 4500.42 5.012
19.2573 -0.00289897 11.1 4500.42 5.012
19.2686 -0.00289451 11.199 4500.42 5.012
19.2796 -0.00290105 11.099 4500.42 5.012
19.2907 -0.00290105 11.099 4500.42 5.012
19.302 -0.0029073 11.2 4500.42 5.012
19.313 -0.00290105 11.099 4500.42 5.012
19.3241 -0.00290849 11.099 4500.42 5.012
19.3356 -0.00289733 11.3 4500.42 5.012
19.3463 -0.00289956 10.999 4500.42 5.012
19.3577 -0.00289956 11.199 4500.42 5.012
19.3689 -0.00289733 11.2 4500.42 5.012
19.3801 -0.0029015 11.199 4500.42 5.012
19.3913 -0.00289971 11.199 4500.42 5.012
19.4019 -0.00290775 10.899 4500.42 5.012
19.4132 -0.00290209 11.1 4500.42 5.012
19.4245 -0.00289912 11.199 4500.42 5.012
19.4357 -0.00290611 11.199 4500.42 5.012
19.4467 -0.00290328 11.1 4500.42 5.012
19.4576 -0.00289852 10.999 4500.42 5.012
19.4688 -0.00289852 11.099 4500.42 5.012
19.4801 -0.00289793 11.2 4500.42 5.012
19.4913 -0.00289644 11.199 4500.42 5.012
19.5019 -0.00290075 10.899 4500.42 5.012
19.5132 -0.00290551 11.099 4500.42 5.012
19.5243 -0.00290075 11.1 4500.42 5.012
19.5356 -0.00290165 11.199 4500.42 5.012
19.5466 -0.00291087 11.099 4500.42 5.012
19.5577 -0.00289942 11.1 4500.42 5.012
19.569 -0.0029015 11.199 4500.42 5.012
19.58 -0.00290566 11.099 4500.42 5.012
19.5911 -0.00289756 11.099 4500.42 5.012
19.6024 -0.00289823 11.2 4500.42 5.012
19.6136 -0.00290001 11.199 4500.42 5.012
19.6216 -0.00290522 9.599 4500.42 5.012
19.634 -0.00290328 11 4500.42 5.012
19.645 -0.00290016 10.999 4500.42 5.012
19.6562 -0.00289778 11.099 4500.42 5.012
19.6673 -0.0028957 11.099 4500.42 5.012
19.6786 -0.00290432 11.2 4500.42 5.012
19.6898 -0.0029018 11.199 4500.42 5.012
19.7008 -0.00290328 11.099 4500.42 5.012
19.7121 -0.0028954 11.2 4500.42 5.012
19.7199 -0.00289243 9.499 4500.42 5.012
19.7326 -0.00289719 11.099 4500.42 5.012
19.7439 -0.00289124 11.2 4500.42 5.012
19.7547 -0.00289748 10.999 4500.42 5.012
19.7661 -0.002896 11.199 4500.42 5.012
19.7773 -0.00290299 11.2 4500.42 5.012
19.7883 -0.00289733 11.099 4500.42 5.012
19.7994 -0.00290239 11.099 4500.42 5.012
19.8105 -0.00289823 11.099 4500.42 5.012
19.8214 -0.00289838 11 4500.42 5.012
19.8328 -0.00289763 11.199 4500.42 5.012
19.8438 -0.00290075 11.099 4500.42 5.012
19.8551 -0.00290209 11.2 4500.42 5.012
19.8665 -0.00289927 11.299 4500.42 5.012
19.8776 -0.00289317 11.199 4500.42 5.012
19.8884 -0.00289927 11 4500.42 5.012
19.8998 -0.00290507 11.199 4500.42 5.012
19.911 -0.00289964 11.199 4500.42 5.012
19.9218 -0.00290596 10.999 4500.42 5.012
19.9328 -0.00289823 11 4500.42 5.012
19.9442 -0.00291057 11.199 4500.42 5.012
19.9554 -0.00289808 11.199 4500.42 5.012
19.9664 -0.00289376 11.1 4500.42 5.012
19.9777 -0.00289585 11.199 4500.42 5.012
19.9889 -0.00290626 11.199 4500.42 5.012
20.0001 -0.00289942 11.2 4500.42 5.012
20.0113 -0.00289934 11.199 4500.42 5.012
20.0223 -0.00290492 11.099 4500.42 5.012
20.0332 -0.00289778 11 4500.42 5.012
20.0446 -0.00289808 11.199 4500.42 5.012
20.0558 -0.00289971 11.199 4500.42 5.012
20.0666 -0.00288915 10.999 4500.42 5.012
20.078 -0.002896 11.2 4500.42 5.012
20.0892 -0.00289495 11.199 4500.42 5.012
20.1002 -0.00289808 11.099 4500.42 5.012
20.1113 -0.00289451 11.1 4500.42 5.012
20.1224 -0.00289124 11.099 4500.42 5.012
20.1337 -0.00290046 11.199 4500.42 5.012
20.1447 -0.00289332 11.1 4500.42 5.012
20.1556 -0.00289882 10.999 4500.42 5.012
20.167 -0.00288752 11.199 4500.42 5.012
20.178 -0.00289005 11.099 4500.42 5.012
20.1891 -0.0028835 11.1 4500.42 5.012
20.2004 -0.00288625 11.199 4500.42 5.012
20.2116 -0.0028899 11.199 4500.42 5.012
20.2222 -0.00288172 10.9 4500.42 5.012
20.2337 -0.00289005 11.199 4500.42 5.012
20.2449 -0.00289362 11.199 4500.42 5.012
20.2559 -0.00288662 11.1 4500.42 5.012
20.2672 -0.00288886 11.199 4500.42 5.012
20.2786 -0.00289287 11.299 4500.42 5.012
20.2889 -0.00289124 10.799 4500.42 5.012
20.3003 -0.002898 11.1 4500.42 5.012
20.3116 -0.00289213 11.199 4500.42 5.012
20.3226 -0.00288707 11.099 4500.42 5.012
20.3337 -0.00288781 11.1 4500.42 5.012
20.3448 -0.00289228 11.099 4500.42 5.012
20.3563 -0.00288767 11.299 4500.42 5.012
20.3674 -0.00288662 11.2 4500.42 5.012
20.3786 -0.00288692 11.199 4500.42 5.012
20.3898 -0.00288915 11.199 4500.42 5.012
20.4008 -0.00288819 11.1 4500.42 5.012
20.4121 -0.00289243 11.199 4500.42 5.012
20.4201 -0.00288781 9.599 4500.42 5.012
20.4329 -0.00289183 11.2 4500.42 5.012
20.4439 -0.00289138 11.099 4500.42 5.012
20.4552 -0.00289005 11.199 4500.42 5.012
20.4662 -0.00289362 11.1 4500.42 5.012
20.4775 -0.0028899 11.199 4500.42 5.012
20.4883 -0.00289614 10.999 4500.42 5.012
20.4993 -0.00289585 10.999 4500.42 5.012
20.5107 -0.00289168 11.2 4500.42 5.012
20.5219 -0.00289243 11.199 4500.42 5.012
20.5329 -0.00289897 11.099 4500.42 5.012
20.5438 -0.00288796 11 4500.42 5.012
20.5546 -0.00288603 10.899 4500.42 5.012
20.5661 -0.00289168 11.199 4500.42 5.012
20.5773 -0.00289198 11.199 4500.42 5.012
20.5885 -0.00289525 11.2 4500.42 5.012
20.5995 -0.00289272 11.099 4500.42 5.012
20.6106 -0.00288729 11.099 4500.42 5.012
20.6219 -0.00288172 11.2 4500.42 5.012
20.6325 -0.00287978 10.899 4500.42 5.012
20.6436 -0.00287815 10.999 4500.42 5.012
20.6546 -0.002889 10.999 4500.42 5.012
20.666 -0.00288677 11.2 4500.42 5.012
20.6772 -0.00289406 11.199 4500.42 5.012
20.6884 -0.00288618 11.199 4500.42 5.012
20.6992 -0.00288856 10.999 4500.42 5.012
20.7104 -0.00288685 11.1 4500.42 5.012
20.7215 -0.00289064 11.099 4500.42 5.012
20.7328 -0.00289362 11.199 4500.42 5.012
20.744 -0.00288335 11.2 4500.42 5.012
20.7548 -0.00289228 10.999 4500.42 5.012
20.7664 -0.00288543 11.299 4500.42 5.012
20.7775 -0.00288648 11.2 4500.42 5.012
20.7887 -0.0028893 11.199 4500.42 5.012
20.7999 -0.00289005 11.199 4500.42 5.012
20.8109 -0.00288201 11.1 4500.42 5.012
20.8216 -0.00288142 10.899 4500.42 5.012
20.8331 -0.00289213 11.199 4500.42 5.012
20.8443 -0.00288767 11.2 4500.42 5.012
20.8549 -0.00288692 10.899 4500.42 5.012
20.866 -0.0028841 10.999 4500.42 5.012
20.8772 -0.00288618 11.099 4500.42 5.012
20.8881 -0.00288677 10.999 4500.42 5.012
20.8995 -0.00287458 11.2 4500.42 5.012
20.9107 -0.00288112 11.199 4500.42 5.012
20.9219 -0.00288781 11.199 4500.42 5.012
20.9327 -0.00288915 11 4500.42 5.012
20.9441 -0.00288469 11.199 4500.42 5.012
20.9551 -0.00288335 11.099 4500.42 5.012
20.9664 -0.00288722 11.2 4500.42 5.012
20.9776 -0.00288648 11.199 4500.42 5.012
20.9888 -0.00288291 11.199 4500.42 5.012
21 -0.00288945 11.2 4500.42 5.012
21.0112 -0.00289101 11.199 4500.42 5.012
21.0222 -0.00288886 11.099 4500.42 5.012
21.0335 -0.00288454 11.2 4500.42 5.012
21.0447 -0.00289005 11.199 4500.42 5.012
21.0559 -0.00289243 11.199 4500.42 5.012
21.0671 -0.00289183 11.2 4500.42 5.012
21.0783 -0.00289153 11.199 4500.42 5.012
21.0893 -0.00289421 11.099 4500.42 5.012
21.1006 -0.00289428 11.2 4500.42 5.012
21.1114 -0.00289525 10.999 4500.42 5.012
21.1228 -0.00289332 11.199 4500.42 5.012
21.134 -0.00289064 11.2 4500.42 5.012
21.1452 -0.00289183 11.199 4500.42 5.012
21.1562 -0.00289094 11.099 4500.42 5.012
21.1675 -0.00289094 11.2 4500.42 5.012
21.1783 -0.00288826 10.999 4500.42 5.012
21.1895 -0.002889 11.099 4500.42 5.012
21.2006 -0.00289659 11.099 4500.42 5.012
21.2119 -0.00289481 11.2 4500.42 5.012
21.2227 -0.00288633 10.999 4500.42 5.012
21.2339 -0.00289257 11.099 4500.42 5.012
21.2448 -0.00289481 10.999 4500.42 5.012
21.2562 -0.00289019 11.2 4500.42 5.012
21.2674 -0.00288856 11.199 4500.42 5.012
21.2782 -0.00288781 10.999 4500.42 5.012
21.2896 -0.00288915 11.2 4500.42 5.012
21.3008 -0.00289295 11.199 4500.42 5.012
21.3118 -0.00288588 11.099 4500.42 5.012
21.3229 -0.00289138 11.1 4500.42 5.012
21.3338 -0.00288677 10.999 4500.42 5.012
21.345 -0.0028896 11.099 4500.42 5.012
21.3559 -0.00289763 10.999 4500.42 5.012
21.3673 -0.00289124 11.2 4500.42 5.012
21.3785 -0.00289347 11.199 4500.42 5.012
21.3895 -0.00289153 11.099 4500.42 5.012
21.4008 -0.00288261 11.2 4500.42 5.012
21.4118 -0.00288722 11.099 4500.42 5.012
21.4229 -0.00288499 11.099 4500.42 5.012
21.4342 -0.00289421 11.199 4500.42 5.012
21.445 -0.00288529 11 4500.42 5.012
21.4562 -0.00289659 11.099 4500.42 5.012
21.4671 -0.00288871 10.999 4500.42 5.012
21.4781 -0.00288945 10.999 4500.42 5.012
21.4893 -0.00289421 11.1 4500.42 5.012
21.5002 -0.00288841 10.999 4500.42 5.012
21.5116 -0.00289183 11.199 4500.42 5.012
21.5226 -0.00289302 11.1 4500.42 5.012
21.5335 -0.00289971 10.999 4500.42 5.012
21.5447 -0.00289927 11.099 4500.42 5.012
21.5558 -0.00289897 11.099 4500.42 5.012
21.5671 -0.00289436 11.2 4500.42 5.012
21.5781 -0.00288945 11.099 4500.42 5.012
21.5896 -0.00289748 11.299 4500.42 5.012
21.6007 -0.00289443 11.2 4500.42 5.012
21.6119 -0.00289882 11.199 4500.42 5.012
21.6229 -0.00289823 11.099 4500.42 5.012
21.6342 -0.00289629 11.2 4500.42 5.012
21.6452 -0.0028954 11.099 4500.42 5.012
21.6563 -0.00289466 11.099 4500.42 5.012
21.6674 -0.00289585 11.1 4500.42 5.012
21.6785 -0.00289391 11.099 4500.42 5.012
21.6896 -0.00289614 11.099 4500.42 5.012
21.7009 -0.00289942 11.199 4500.42 5.012
21.7119 -0.00290626 11.1 4500.42 5.012
21.723 -0.00289689 11.099 4500.42 5.012
21.7341 -0.0029012 11.099 4500.42 5.012
21.7452 -0.00290715 11.1 4500.42 5.012
21.7563 -0.00289763 11.099 4500.42 5.012
21.7676 -0.00290239 11.199 4500.42 5.012
21.7786 -0.0029012 11.099 4500.42 5.012
21.7897 -0.00290046 11.1 4500.42 5.012
21.8006 -0.00290098 10.999 4500.42 5.012
21.8118 -0.00289332 11.099 4500.42 5.012
21.8229 -0.00289912 11.1 4500.42 5.012
21.8342 -0.00289629 11.199 4500.42 5.012
21.8452 -0.00289778 11.099 4500.42 5.012
21.8563 -0.00290537 11.099 4500.42 5.012
21.8674 -0.00289733 11.1 4500.42 5.012
21.8787 -0.00290358 11.199 4500.42 5.012
21.8897 -0.00290507 11.099 4500.42 5.012
21.9006 -0.00290522 11 4500.42 5.012
21.9118 -0.00291265 11.099 4500.42 5.012
21.9229 -0.00290879 11.099 4500.42 5.012
21.9342 -0.00290998 11.199 4500.42 5.012
21.9454 -0.00290447 11.2 4500.42 5.012
21.9564 -0.00291176 11.099 4500.42 5.012
21.9679 -0.00290447 11.3 4500.42 5.012
21.9788 -0.00291518 11.109 4500.42 5.012
21.9899 -0.00291191 11.089 4500.42 5.012
21.9978 -0.00291251 9.499 4500.42 5.012
22.0107 -0.00291615 11.2 4500.42 5.012
22.0217 -0.0029189 11.099 4500.42 5.012
22.0328 -0.00291236 11.099 4500.42 5.012
22.0435 -0.0029253 10.899 4500.42 5.012
22.055 -0.00292455 11.2 4500.42 5.012
22.066 -0.00293169 11.099 4500.42 5.012
22.0773 -0.00292545 11.199 4500.42 5.012
22.0881 -0.00292812 11 4500.42 5.012
22.0993 -0.0029247 11.099 4500.42 5.012
22.1106 -0.00292522 11.199 4500.42 5.012
22.1218 -0.00292128 11.2 4500.42 5.012
22.133 -0.00292322 11.199 4500.42 5.012
22.144 -0.00292366 11.099 4500.42 5.012
22.1549 -0.00292961 10.999 4500.42 5.012
22.1659 -0.00292396 11 4500.42 5.012
22.1771 -0.00292128 11.099 4500.42 5.012
22.1886 -0.0029253 11.299 4500.42 5.012
22.1995 -0.00292366 11.1 4500.42 5.012
22.2108 -0.00292879 11.199 4500.42 5.012
22.222 -0.00292931 11.199 4500.42 5.012
22.233 -0.00293631 11.1 4500.42 5.012
22.2441 -0.00293125 11.099 4500.42 5.012
22.2554 -0.00292485 11.199 4500.42 5.012
22.2666 -0.00293735 11.2 4500.42 5.012
22.2776 -0.00293497 11.099 4500.42 5.012
22.2889 -0.00293169 11.199 4500.42 5.012
22.2999 -0.00293169 11.099 4500.42 5.012
22.3106 -0.00293869 10.9 4500.42 5.012
22.3219 -0.00294434 11.099 4500.42 5.012
22.3332 -0.00294746 11.199 4500.42 5.012
22.3444 -0.00294791 11.2 4500.42 5.012
22.3552 -0.00293943 10.999 4500.42 5.012
22.3664 -0.00293794 11.099 4500.42 5.012
22.3773 -0.00294062 10.999 4500.42 5.012
22.3885 -0.00294285 11.1 4500.42 5.012
22.3998 -0.00294954 11.199 4500.42 5.012
22.4106 -0.00294211 10.999 4500.42 5.012
22.4214 -0.00295073 10.899 4500.42 5.012
22.4327 -0.00295401 11.1 4500.42 5.012
22.444 -0.00295059 11.199 4500.42 5.012
22.4548 -0.00295148 10.999 4500.42 5.012
22.466 -0.00295758 11.099 4500.42 5.012
22.4771 -0.00295996 11.1 4500.42 5.012
22.4884 -0.00295654 11.199 4500.42 5.012
22.4996 -0.00295297 11.199 4500.42 5.012
22.5104 -0.0029549 11 4500.42 5.012
22.5216 -0.00296219 11.099 4500.42 5.012
22.5327 -0.00296189 11.099 4500.42 5.012
22.544 -0.00295802 11.2 4500.42 5.012
22.5552 -0.0029665 11.199 4500.42 5.012
22.5662 -0.00296204 11.099 4500.42 5.012
22.5769 -0.00296858 10.899 4500.42 5.012
22.5884 -0.00296888 11.2 4500.42 5.012
22.5994 -0.00296308 11.099 4500.42 5.012
22.6103 -0.00297141 10.999 4500.42 5.012
22.6215 -0.00297349 11.099 4500.42 5.012
22.6322 -0.00296814 10.9 4500.42 5.012
22.6437 -0.00297111 11.199 4500.42 5.012
22.6547 -0.00297513 11.099 4500.42 5.012
22.6656 -0.00297543 10.999 4500.42 5.012
22.6768 -0.00297691 11.1 4500.42 5.012
22.6879 -0.00296754 11.099 4500.42 5.012
22.6992 -0.00297751 11.199 4500.42 5.012
22.7102 -0.00297215 11.1 4500.42 5.012
22.7217 -0.00297059 11.299 4500.42 5.012
22.7324 -0.00298078 10.999 4500.42 5.012
22.744 -0.00297959 11.3 4500.42 5.012
22.7551 -0.00297944 11.199 4500.42 5.012
22.7663 -0.00298227 11.199 4500.42 5.012
22.7773 -0.00297513 11.1 4500.42 5.012
22.7886 -0.00297766 11.199 4500.42 5.012
22.7994 -0.00297468 10.999 4500.42 5.012
22.8108 -0.00298264 11.2 4500.42 5.012
22.822 -0.00298301 11.199 4500.42 5.012
22.8332 -0.00299105 11.199 4500.42 5.012
22.8444 -0.00299298 11.2 4500.42 5.012
22.8556 -0.00298465 11.199 4500.42 5.012
22.8666 -0.00299848 11.099 4500.42 5.012
22.8779 -0.00299685 11.2 4500.42 5.012
22.8889 -0.00299194 11.099 4500.42 5.012
22.9002 -0.00299863 11.199 4500.42 5.012
22.9114 -0.00300458 11.2 4500.42 5.012
22.922 -0.00300875 10.899 4500.42 5.012
22.9331 -0.00300652 10.999 4500.42 5.012
22.9443 -0.00300414 11.099 4500.42 5.012
22.9556 -0.0030086 11.2 4500.42 5.012
22.9664 -0.00300681 10.999 4500.42 5.012
22.9776 -0.00300607 11.099 4500.42 5.012
22.9889 -0.0030083 11.199 4500.42 5.012
22.9991 -0.00300629 10.699 4500.42 5.012
23.0124 -0.00300741 12 4500.42 5.012
23.022 -0.00300875 10.799 4500.42 5.012
23.0336 -0.00300771 11.2 4500.42 5.012
23.0442 -0.00300726 10.899 4500.42 5.012
23.0555 -0.00301812 11.099 4500.42 5.012
23.0666 -0.00301529 11.099 4500.42 5.012
23.0779 -0.00302228 11.2 4500.42 5.012
23.0891 -0.00301856 11.199 4500.42 5.012
23.1003 -0.00302913 11.199 4500.42 5.012
23.1109 -0.00302243 10.9 4500.42 5.012
23.122 -0.00303359 10.999 4500.42 5.012
23.1334 -0.00303165 11.199 4500.42 5.012
23.1444 -0.00302957 11.099 4500.42 5.012
23.1557 -0.00303389 11.2 4500.42 5.012
23.1669 -0.00302764 11.199 4500.42 5.012
23.1779 -0.00303314 11.099 4500.42 5.012
23.189 -0.0030382 11.1 4500.42 5.012
23.2003 -0.00303396 11.199 4500.42 5.012
23.2109 -0.00302838 10.899 4500.42 5.012
23.2222 -0.00303493 11.099 4500.42 5.012
23.2331 -0.00303389 11 4500.42 5.012
23.2445 -0.00303329 11.199 4500.42 5.012
23.2525 -0.00303552 9.599 4500.42 5.012
23.2681 -0.00303493 12.6 4500.42 5.012
23.2779 -0.00303984 11.199 4500.42 5.012
23.2889 -0.00304162 11.099 4500.42 5.012
23.3002 -0.00303798 11.2 4500.42 5.012
23.311 -0.00304787 10.999 4500.42 5.012
23.3222 -0.00304549 11.099 4500.42 5.012
23.3333 -0.00304698 11.099 4500.42 5.012
23.3442 -0.00304222 11 4500.42 5.012
23.3554 -0.00305055 11.099 4500.42 5.012
23.3665 -0.00305233 11.099 4500.42 5.012
23.3778 -0.0030385 11.199 4500.42 5.012
23.3888 -0.00304668 11.1 4500.42 5.012
23.4003 -0.00305278 11.299 4500.42 5.012
23.4106 -0.00304512 10.799 4500.42 5.012
23.4224 -0.00305055 11.3 4500.42 5.012
23.4329 -0.00305397 10.899 4500.42 5.012
23.4442 -0.00305516 11.099 4500.42 5.012
23.4553 -0.00305367 11.099 4500.42 5.012
23.4666 -0.00305902 11.2 4500.42 5.012
23.4776 -0.00305531 11.099 4500.42 5.012
23.4885 -0.00305635 10.999 4500.42 5.012
23.4995 -0.00305159 10.999 4500.42 5.012
23.5109 -0.00306163 11.2 4500.42 5.012
23.5217 -0.00305873 10.999 4500.42 5.012
23.5331 -0.00306706 11.199 4500.42 5.012
23.5441 -0.00307182 11.1 4500.42 5.012
23.5554 -0.00306676 11.199 4500.42 5.012
23.5662 -0.00306349 10.999 4500.42 5.012
23.5776 -0.00306869 11.2 4500.42 5.012
23.5888 -0.0030675 11.199 4500.42 5.012
23.5998 -0.00307226 11.099 4500.42 5.012
23.6111 -0.00307011 11.2 4500.42 5.012
23.6221 -0.0030678 11.099 4500.42 5.012
23.633 -0.00307687 10.999 4500.42 5.012
23.6442 -0.00307702 11.099 4500.42 5.012
23.6553 -0.00307881 11.1 4500.42 5.012
23.6664 -0.00307702 11.099 4500.42 5.012
23.6775 -0.0030803 11.099 4500.42 5.012
23.6888 -0.00307866 11.2 4500.42 5.012
23.6998 -0.00308149 11.099 4500.42 5.012
23.7109 -0.00308565 11.099 4500.42 5.012
23.722 -0.00308491 11.099 4500.42 5.012
23.7333 -0.0030852 11.2 4500.42 5.012
23.7445 -0.00307524 11.199 4500.42 5.012
23.7553 -0.00309175 10.999 4500.42 5.012
23.7667 -0.00308848 11.2 4500.42 5.012
23.7777 -0.00309175 11.099 4500.42 5.012
23.789 -0.00308654 11.199 4500.42 5.012
23.8002 -0.0030922 11.2 4500.42 5.012
23.8112 -0.00309115 11.099 4500.42 5.012
23.8223 -0.00309472 11.099 4500.42 5.012
23.8332 -0.00309324 10.999 4500.42 5.012
23.8446 -0.0030913 11.2 4500.42 5.012
23.8558 -0.00309428 11.199 4500.42 5.012
23.867 -0.00309532 11.199 4500.42 5.012
23.8782 -0.00309904 11.2 4500.42 5.012
23.8894 -0.00309234 11.199 4500.42 5.012
23.9002 -0.0031006 10.999 4500.42 5.012
23.9116 -0.0031032 11.2 4500.42 5.012
23.9226 -0.00310052 11.099 4500.42 5.012
23.9307 -0.00311153 9.599 4500.42 5.012
23.9433 -0.00309666 11.1 4500.42 5.012
23.9546 -0.0030971 11.199 4500.42 5.012
23.966 -0.00309353 11.299 4500.42 5.012
23.9767 -0.00310365 10.999 4500.42 5.012
23.9881 -0.00311109 11.2 4500.42 5.012
23.9991 -0.00310246 11.099 4500.42 5.012
24.0102 -0.00310945 11.099 4500.42 5.012
24.0209 -0.00309651 10.9 4500.42 5.012
24.0322 -0.0031038 11.099 4500.42 5.012
24.0435 -0.00311183 11.199 4500.42 5.012
24.0547 -0.00311942 11.2 4500.42 5.012
24.0659 -0.00311451 11.199 4500.42 5.012
24.0771 -0.00311049 11.199 4500.42 5.012
24.0883 -0.00312373 11.2 4500.42 5.012
24.0993 -0.00310707 11.099 4500.42 5.012
24.1102 -0.00311882 10.999 4500.42 5.012
24.1214 -0.00312804 11.099 4500.42 5.012
24.1327 -0.00312061 11.2 4500.42 5.012
24.1439 -0.00311927 11.199 4500.42 5.012
24.1549 -0.0031337 11.099 4500.42 5.012
24.1656 -0.00311629 10.899 4500.42 5.012
24.1771 -0.0031215 11.2 4500.42 5.012
24.1883 -0.00312953 11.199 4500.42 5.012
24.1993 -0.00312715 11.099 4500.42 5.012
24.2104 -0.00312492 11.1 4500.42 5.012
24.2217 -0.0031273 11.199 4500.42 5.012
24.2329 -0.003127 11.199 4500.42 5.012
24.2441 -0.00313146 11.2 4500.42 5.012
24.2553 -0.00312923 11.199 4500.42 5.012
24.2661 -0.0031273 10.999 4500.42 5.012
24.2773 -0.00313563 11.1 4500.42 5.012
24.2886 -0.00313846 11.199 4500.42 5.012
24.2996 -0.00313355 11.099 4500.42 5.012
24.3107 -0.0031386 11.1 4500.42 5.012
24.322 -0.00314723 11.199 4500.42 5.012
24.3328 -0.00313533 10.999 4500.42 5.012
24.3442 -0.00313846 11.199 4500.42 5.012
24.3552 -0.00313846 11.1 4500.42 5.012
24.3663 -0.00313637 11.099 4500.42 5.012
24.3776 -0.00313816 11.199 4500.42 5.012
24.3886 -0.00314203 11.1 4500.42 5.012
24.3999 -0.00313831 11.199 4500.42 5.012
24.4111 -0.00314545 11.199 4500.42 5.012
24.4221 -0.00315244 11.1 4500.42 5.012
24.4332 -0.00314812 11.099 4500.42 5.012
24.4445 -0.00313667 11.199 4500.42 5.012
24.4553 -0.00315214 10.999 4500.42 5.012
24.4663 -0.00314545 11 4500.42 5.012
24.4777 -0.00315675 11.199 4500.42 5.012
24.4885 -0.00315512 10.999 4500.42 5.012
24.4999 -0.00315006 11.2 4500.42 5.012
24.5109 -0.00315236 11.099 4500.42 5.012
24.522 -0.00314812 11.099 4500.42 5.012
24.5333 -0.00314827 11.199 4500.42 5.012
24.5445 -0.00314708 11.2 4500.42 5.012
24.5557 -0.00315259 11.199 4500.42 5.012
24.5667 -0.00316657 11.099 4500.42 5.012
24.578 -0.00316493 11.2 4500.42 5.012
24.589 -0.00315482 11.099 4500.42 5.012
24.6001 -0.00315965 11.099 4500.42 5.012
24.6112 -0.0031624 11.1 4500.42 5.012
24.6225 -0.00315556 11.199 4500.42 5.012
24.6305 -0.00316687 9.599 4500.42 5.012
24.6431 -0.00316687 11.1 4500.42 5.012
24.6542 -0.00316478 11.099 4500.42 5.012
24.6649 -0.00316508 10.899 4500.42 5.012
24.6762 -0.00317163 11.099 4500.42 5.012
24.6873 -0.00316821 11.1 4500.42 5.012
24.6984 -0.00317044 11.099 4500.42 5.012
24.7095 -0.00317267 11.099 4500.42 5.012
24.7208 -0.00317237 11.199 4500.42 5.012
24.7316 -0.00316999 11 4500.42 5.012
24.743 -0.00317133 11.199 4500.42 5.012
24.754 -0.00317505 11.099 4500.42 5.012
24.7651 -0.00317178 11.1 4500.42 5.012
24.7764 -0.00317386 11.199 4500.42 5.012
24.7872 -0.0031746 10.999 4500.42 5.012
24.7982 -0.0031752 10.999 4500.42 5.012
24.8096 -0.00317802 11.2 4500.42 5.012
24.8206 -0.00318397 11.099 4500.42 5.012
24.8317 -0.00318784 11.099 4500.42 5.012
24.8426 -0.00318725 11 4500.42 5.012
24.8538 -0.00318977 11.099 4500.42 5.012
24.8647 -0.0031813 10.999 4500.42 5.012
24.8759 -0.00317936 11.099 4500.42 5.012
24.8872 -0.00318159 11.2 4500.42 5.012
24.8984 -0.00318546 11.199 4500.42 5.012
24.9096 -0.0031862 11.199 4500.42 5.012
24.9208 -0.00318531 11.2 4500.42 5.012
24.932 -0.0031807 11.199 4500.42 5.012
24.9432 -0.00319528 11.199 4500.42 5.012
24.9544 -0.00318576 11.2 4500.42 5.012
24.9656 -0.00319275 11.199 4500.42 5.012
24.9768 -0.00319186 11.199 4500.42 5.012
24.9876 -0.00318963 11 4500.42 5.012
24.999 -0.00319364 11.199 4500.42 5.012
25.01 -0.00318911 11.099 4500.42 5.012
25.0213 -0.00319632 11.2 4500.42 5.012
25.0325 -0.00319186 11.199 4500.42 5.012
25.0435 -0.00318769 11.099 4500.42 5.012
25.055 -0.00319528 11.3 4500.42 5.012
25.0661 -0.00319215 11.199 4500.42 5.012
25.0769 -0.00320569 10.999 4500.42 5.012
25.0881 -0.00320405 11.1 4500.42 5.012
25.0992 -0.00320004 11.099 4500.42 5.012
25.1105 -0.00319617 11.199 4500.42 5.012
25.1215 -0.00319617 11.099 4500.42 5.012
25.1328 -0.00319602 11.2 4500.42 5.012
25.1438 -0.00319662 11.099 4500.42 5.012
25.1551 -0.0032051 11.199 4500.42 5.012
25.1661 -0.00320153 11.1 4500.42 5.012
25.177 -0.00320941 10.999 4500.42 5.012
25.1884 -0.00321105 11.199 4500.42 5.012
25.1996 -0.00320465 11.2 4500.42 5.012
25.2106 -0.00320986 11.099 4500.42 5.012
25.2217 -0.00320019 11.099 4500.42 5.012
25.233 -0.00320524 11.2 4500.42 5.012
25.2442 -0.00320048 11.199 4500.42 5.012
25.2554 -0.00320881 11.199 4500.42 5.012
25.2634 -0.00320688 9.599 4500.42 5.012
25.2762 -0.00320584 11.2 4500.42 5.012
25.2874 -0.00320673 11.199 4500.42 5.012
25.2984 -0.00320673 11.099 4500.42 5.012
25.3097 -0.00320539 11.2 4500.42 5.012
25.3209 -0.00321075 11.199 4500.42 5.012
25.3319 -0.00321476 11.099 4500.42 5.012
25.3432 -0.00321343 11.2 4500.42 5.012
25.3544 -0.00321685 11.199 4500.42 5.012
25.3658 -0.00321685 11.3 4500.42 5.012
25.3769 -0.00321313 11.199 4500.42 5.012
25.3881 -0.00320688 11.199 4500.42 5.012
25.3993 -0.00321045 11.2 4500.42 5.012
25.4105 -0.00321707 11.199 4500.42 5.012
25.4217 -0.0032167 11.199 4500.42 5.012
25.4329 -0.00322086 11.2 4500.42 5.012
25.4439 -0.00322473 11.099 4500.42 5.012
25.4548 -0.00321655 10.999 4500.42 5.012
25.466 -0.00322101 11.099 4500.42 5.012
25.4773 -0.00322339 11.2 4500.42 5.012
25.4883 -0.00323083 11.099 4500.42 5.012
25.4994 -0.00322369 11.099 4500.42 5.012
25.5107 -0.00322228 11.2 4500.42 5.012
25.5219 -0.00323187 11.199 4500.42 5.012
25.5329 -0.00321774 11.099 4500.42 5.012
25.5444 -0.00322934 11.3 4500.42 5.012
25.5555 -0.00322458 11.199 4500.42 5.012
25.5667 -0.00322652 11.199 4500.42 5.012
25.5777 -0.00323142 11.1 4500.42 5.012
25.589 -0.00323113 11.199 4500.42 5.012
25.6 -0.00323343 11.099 4500.42 5.012
25.6111 -0.00322815 11.1 4500.42 5.012
25.6222 -0.00324035 11.099 4500.42 5.012
25.6331 -0.00322979 10.999 4500.42 5.012
25.6445 -0.00323321 11.199 4500.42 5.012
25.6555 -0.00322934 11.1 4500.42 5.012
25.6664 -0.00323142 10.999 4500.42 5.012
25.6776 -0.00324184 11.099 4500.42 5.012
25.6887 -0.00324779 11.1 4500.42 5.012
25.6994 -0.00323499 10.899 4500.42 5.012
25.7109 -0.0032318 11.199 4500.42 5.012
25.7221 -0.00324377 11.199 4500.42 5.012
25.7333 -0.00323336 11.2 4500.42 5.012
25.7445 -0.00323797 11.199 4500.42 5.012
25.7557 -0.00324749 11.199 4500.42 5.012
25.7669 -0.00324481 11.2 4500.42 5.012
25.7777 -0.00325493 10.999 4500.42 5.012
25.7891 -0.00325359 11.199 4500.42 5.012
25.8003 -0.00325106 11.2 4500.42 5.012
25.8109 -0.00324779 10.899 4500.42 5.012
25.8222 -0.00324808 11.099 4500.42 5.012
25.8335 -0.00324347 11.199 4500.42 5.012
25.8447 -0.00325389 11.2 4500.42 5.012
25.8555 -0.00326266 10.999 4500.42 5.012
25.8669 -0.00324362 11.199 4500.42 5.012
25.8781 -0.00326028 11.2 4500.42 5.012
25.8893 -0.00326147 11.199 4500.42 5.012
25.9005 -0.00325069 11.199 4500.42 5.012
25.9117 -0.00325641 11.2 4500.42 5.012
25.9225 -0.00325106 10.999 4500.42 5.012
25.9339 -0.0032579 11.199 4500.42 5.012
25.9451 -0.00325522 11.2 4500.42 5.012
25.9559 -0.00325865 10.999 4500.42 5.012
25.9673 -0.00325998 11.199 4500.42 5.012
25.9783 -0.00326638 11.099 4500.42 5.012
25.9896 -0.00326013 11.2 4500.42 5.012
26.0008 -0.0032637 11.199 4500.42 5.012
26.0116 -0.00325969 10.999 4500.42 5.012
26.0228 -0.00326564 11.1 4500.42 5.012
26.0339 -0.00326817 11.099 4500.42 5.012
26.045 -0.00326995 11.099 4500.42 5.012
26.0559 -0.00325701 10.999 4500.42 5.012
26.0675 -0.00325686 11.3 4500.42 5.012
26.078 -0.0032585 10.899 4500.42 5.012
26.0893 -0.00326088 11.099 4500.42 5.012
26.1002 -0.00326772 11 4500.42 5.012
26.1116 -0.00327099 11.199 4500.42 5.012
26.1226 -0.00327783 11.099 4500.42 5.012
26.1335 -0.00326549 10.999 4500.42 5.012
26.1449 -0.00325463 11.2 4500.42 5.012
26.1561 -0.00326355 11.199 4500.42 5.012
26.1671 -0.00326385 11.099 4500.42 5.012
26.1782 -0.00326802 11.1 4500.42 5.012
26.1895 -0.00326668 11.199 4500.42 5.012
26.2001 -0.00326973 10.899 4500.42 5.012
26.2114 -0.0032762 11.099 4500.42 5.012
26.2225 -0.00327813 11.1 4500.42 5.012
26.2338 -0.00327367 11.199 4500.42 5.012
26.2448 -0.00327248 11.099 4500.42 5.012
26.2561 -0.00327471 11.2 4500.42 5.012
26.2673 -0.00326742 11.199 4500.42 5.012
26.2785 -0.00327902 11.199 4500.42 5.012
26.2895 -0.00327575 11.1 4500.42 5.012
26.3004 -0.00327263 10.999 4500.42 5.012
26.3116 -0.00327783 11.099 4500.42 5.012
26.3225 -0.00327501 10.999 4500.42 5.012
26.3339 -0.00327992 11.2 4500.42 5.012
26.3449 -0.00327501 11.099 4500.42 5.012
26.356 -0.00328661 11.099 4500.42 5.012
26.3673 -0.00328483 11.2 4500.42 5.012
26.3785 -0.0032765 11.199 4500.42 5.012
26.3897 -0.00328304 11.199 4500.42 5.012
26.4005 -0.00328445 11 4500.42 5.012
26.4117 -0.00327902 11.099 4500.42 5.012
26.423 -0.00327858 11.199 4500.42 5.012
26.434 -0.00328364 11.099 4500.42 5.012
26.4453 -0.00328007 11.2 4500.42 5.012
26.4565 -0.00327694 11.199 4500.42 5.012
26.4673 -0.0032942 10.999 4500.42 5.012
26.4785 -0.00328706 11.1 4500.42 5.012
26.4896 -0.00329301 11.099 4500.42 5.012
26.5007 -0.00328862 11.099 4500.42 5.012
26.512 -0.00329256 11.2 4500.42 5.012
26.5232 -0.00325597 11.199 4500.42 5.012
26.5342 -0.00324957 11.099 4500.42 5.012
26.5455 -0.00327322 11.2 4500.42 5.012
26.5565 -0.00327813 11.099 4500.42 5.012
26.5676 -0.00327858 11.099 4500.42 5.012
26.5789 -0.00327367 11.199 4500.42 5.012
26.5901 -0.00328646 11.2 4500.42 5.012
