Положение (мм) ,Сигнал усреднённый (В), Δ (мкм), Кол-во выборок сигнала АЦП:10 Энергия пучка: Ток пучка: 
0.520599 -0.00287532 10.299 4500.42 5.115
0.532499 -0.00287666 11.099 4500.42 5.115
0.543599 -0.00287725 11.099 4500.42 5.115
0.5545 -0.00288424 11 4500.42 5.115
0.565699 -0.00288067 11.099 4500.42 5.115
0.576999 -0.00288023 11.199 4500.42 5.115
0.587999 -0.00288439 11.099 4500.42 5.115
0.599299 -0.00288082 11.199 4500.42 5.115
0.6099 -0.00289124 10.9 4500.42 5.115
0.621399 -0.00288439 11.199 4500.42 5.115
0.632399 -0.00288261 11.099 4500.42 5.115
0.643699 -0.00288008 11.199 4500.42 5.115
0.654699 -0.0028771 11.099 4500.42 5.115
0.6634 -0.0028774 9.9 4500.42 5.115
0.6783 -0.00288573 12.4 4500.42 5.115
0.687899 -0.00288008 10.999 4500.42 5.115
0.6961 -0.00287651 9.6 4500.42 5.115
0.708899 -0.00287919 11.199 4500.42 5.115
0.720099 -0.00288767 11.199 4500.42 5.115
0.731299 -0.00288134 11.199 4500.42 5.115
0.742499 -0.0028832 11.199 4500.42 5.115
0.753499 -0.00289049 11.099 4500.42 5.115
0.764599 -0.00289213 11.099 4500.42 5.115
0.7721 -0.00288767 9.3 4500.42 5.115
0.784999 -0.00288335 11.099 4500.42 5.115
0.796299 -0.00288335 11.199 4500.42 5.115
0.807299 -0.00288231 11.099 4500.42 5.115
0.818599 -0.00288142 11.199 4500.42 5.115
0.829799 -0.00288365 11.199 4500.42 5.115
0.840799 -0.00288707 11.099 4500.42 5.115
0.851899 -0.00288142 11.099 4500.42 5.115
0.862999 -0.00288291 11.099 4500.42 5.115
0.8771 -0.00288008 12.6 4500.42 5.115
0.886699 -0.00288082 11.099 4500.42 5.115
0.897999 -0.00289198 11.199 4500.42 5.115
0.909199 -0.00288558 11.199 4500.42 5.115
0.9198 -0.00288796 10.9 4500.42 5.115
0.931099 -0.00288714 11.099 4500.42 5.115
0.941799 -0.00289064 10.899 4500.42 5.115
0.9533 -0.00289243 11.2 4500.42 5.115
0.964699 -0.00288603 11.299 4500.42 5.115
0.974999 -0.00288499 10.799 4500.42 5.115
0.986399 -0.0028835 11.099 4500.42 5.115
0.9977 -0.00288201 11.2 4500.42 5.115
1.0087 -0.00287666 11.099 4500.42 5.115
1.02 -0.0028771 11.199 4500.42 5.115
1.0312 -0.00289309 11.2 4500.42 5.115
1.0422 -0.00288424 11.099 4500.42 5.115
1.0533 -0.00289704 11.1 4500.42 5.115
1.0644 -0.00288484 11.099 4500.42 5.115
1.0751 -0.00288439 10.9 4500.42 5.115
1.0866 -0.00288514 11.199 4500.42 5.115
1.0976 -0.00288722 11.1 4500.42 5.115
1.1085 -0.00288871 10.999 4500.42 5.115
1.1195 -0.00288633 11 4500.42 5.115
1.1309 -0.00288305 11.199 4500.42 5.115
1.1419 -0.00288655 11.1 4500.42 5.115
1.1526 -0.00288186 10.899 4500.42 5.115
1.1639 -0.00288588 11.1 4500.42 5.115
1.175 -0.00287963 11.099 4500.42 5.115
1.1863 -0.00288424 11.2 4500.42 5.115
1.1971 -0.00288499 10.999 4500.42 5.115
1.2085 -0.00287517 11.2 4500.42 5.115
1.2199 -0.00288305 11.299 4500.42 5.115
1.2308 -0.00288514 11.1 4500.42 5.115
1.2417 -0.00288172 10.999 4500.42 5.115
1.2529 -0.00288707 11.1 4500.42 5.115
1.264 -0.00288291 11.099 4500.42 5.115
1.2745 -0.00287844 10.8 4500.42 5.115
1.2859 -0.00287205 11.099 4500.42 5.115
1.2946 -0.00288067 9.9 4500.42 5.113
1.3093 -0.00288633 12.299 4500.42 5.113
1.3194 -0.00288365 11.2 4500.42 5.113
1.3304 -0.00288067 11.099 4500.42 5.113
1.3415 -0.002878 11.1 4500.42 5.113
1.3528 -0.00287286 11.199 4500.42 5.113
1.3638 -0.002878 11.1 4500.42 5.113
1.3751 -0.00287859 11.199 4500.42 5.113
1.3859 -0.00287815 11 4500.42 5.113
1.3973 -0.00287606 11.2 4500.42 5.113
1.4083 -0.00287621 11.099 4500.42 5.113
1.4194 -0.00287606 11.1 4500.42 5.113
1.4307 -0.00287532 11.199 4500.42 5.113
1.4417 -0.00287562 11.1 4500.42 5.113
1.4528 -0.0028774 11.099 4500.42 5.113
1.4641 -0.00288573 11.2 4500.42 5.113
1.4751 -0.00288543 11.099 4500.42 5.113
1.4862 -0.00287577 11.1 4500.42 5.113
1.4973 -0.00288142 11.099 4500.42 5.113
1.5084 -0.00287993 11.1 4500.42 5.113
1.5197 -0.00288454 11.199 4500.42 5.113
1.5305 -0.00287785 11 4500.42 5.113
1.5415 -0.00288038 10.999 4500.42 5.113
1.5529 -0.00288209 11.2 4500.42 5.113
1.5641 -0.00288499 11.199 4500.42 5.113
1.5749 -0.00287904 11 4500.42 5.113
1.5863 -0.00287829 11.199 4500.42 5.113
1.5975 -0.00288038 11.2 4500.42 5.113
1.6087 -0.00287666 11.199 4500.42 5.113
1.6199 -0.00287666 11.2 4500.42 5.113
1.6307 -0.00287815 10.999 4500.42 5.113
1.6419 -0.00288216 11.1 4500.42 5.113
1.6532 -0.00288097 11.199 4500.42 5.113
1.6644 -0.00289302 11.2 4500.42 5.113
1.6756 -0.00288707 11.2 4500.42 5.113
1.6864 -0.00288201 10.999 4500.42 5.113
1.698 -0.00289213 11.3 4500.42 5.113
1.7087 -0.00287934 10.999 4500.42 5.113
1.7201 -0.00288186 11.2 4500.42 5.113
1.7309 -0.00288112 10.999 4500.42 5.113
1.7421 -0.00288648 11.1 4500.42 5.113
1.7534 -0.0028835 11.199 4500.42 5.113
1.7642 -0.00288157 11 4500.42 5.113
1.7754 -0.00288454 11.099 4500.42 5.113
1.7867 -0.00287517 11.2 4500.42 5.113
1.7977 -0.00289005 11.099 4500.42 5.113
1.8088 -0.00288707 11.1 4500.42 5.113
1.8197 -0.0028832 10.999 4500.42 5.113
1.8307 -0.00288662 11 4500.42 5.113
1.8419 -0.00288305 11.099 4500.42 5.113
1.8532 -0.00288514 11.2 4500.42 5.113
1.8638 -0.00288462 10.899 4500.42 5.113
1.8751 -0.00288662 11.1 4500.42 5.113
1.8862 -0.00288796 11.099 4500.42 5.113
1.8973 -0.00288038 11.1 4500.42 5.113
1.9082 -0.0028841 10.999 4500.42 5.113
1.9192 -0.00289138 10.999 4500.42 5.113
1.9302 -0.00288454 11 4500.42 5.113
1.9412 -0.00287755 10.999 4500.42 5.113
1.9526 -0.00288305 11.2 4500.42 5.113
1.9634 -0.00288186 10.999 4500.42 5.113
1.9746 -0.0028771 11.1 4500.42 5.113
1.9857 -0.00287978 11.099 4500.42 5.113
1.997 -0.00288826 11.2 4500.42 5.113
2.0082 -0.00288454 11.2 4500.42 5.113
2.0192 -0.00288796 11.1 4500.42 5.113
2.0303 -0.00288752 11.099 4500.42 5.113
2.0416 -0.00288648 11.2 4500.42 5.113
2.0528 -0.00288529 11.199 4500.42 5.113
2.064 -0.00288142 11.2 4500.42 5.113
2.0752 -0.00288804 11.2 4500.42 5.113
2.086 -0.00288038 11 4500.42 5.113
2.0976 -0.00288335 11.299 4500.42 5.113
2.1079 -0.00288558 10.8 4500.42 5.113
2.1195 -0.00289302 11.199 4500.42 5.113
2.1305 -0.00289079 11.1 4500.42 5.113
2.1418 -0.00287919 11.199 4500.42 5.113
2.153 -0.00287844 11.2 4500.42 5.113
2.1642 -0.00288618 11.2 4500.42 5.113
2.1754 -0.00288276 11.2 4500.42 5.113
2.1866 -0.00288648 11.199 4500.42 5.113
2.1976 -0.00288023 11.1 4500.42 5.113
2.2089 -0.00288246 11.2 4500.42 5.113
2.2197 -0.00288112 10.999 4500.42 5.113
2.2313 -0.00287681 11.3 4500.42 5.113
2.2424 -0.0028777 11.199 4500.42 5.113
2.2534 -0.00288038 11.1 4500.42 5.113
2.2643 -0.00288246 10.999 4500.42 5.113
2.2723 -0.00287978 9.5 4500.42 5.113
2.2852 -0.00288305 11.2 4500.42 5.113
2.2964 -0.0028745 11.2 4500.42 5.108
2.3076 -0.00288291 11.2 4500.42 5.108
2.3186 -0.00288677 11.099 4500.42 5.108
2.3297 -0.00288157 11.099 4500.42 5.108
2.3406 -0.00288439 11 4500.42 5.108
2.352 -0.00288915 11.2 4500.42 5.108
2.3632 -0.00287963 11.199 4500.42 5.108
2.3744 -0.00289109 11.2 4500.42 5.108
2.3856 -0.00288097 11.2 4500.42 5.108
2.3964 -0.00288067 11 4500.42 5.108
2.408 -0.00287554 11.299 4500.42 5.108
2.4185 -0.00287666 10.899 4500.42 5.108
2.43 -0.00287279 11.2 4500.42 5.108
2.4412 -0.00287532 11.2 4500.42 5.108
2.4524 -0.0028832 11.199 4500.42 5.108
2.4636 -0.002878 11.2 4500.42 5.108
2.4748 -0.00288112 11.2 4500.42 5.108
2.486 -0.0028777 11.2 4500.42 5.108
2.4972 -0.0028713 11.2 4500.42 5.108
2.5084 -0.00287978 11.199 4500.42 5.108
2.5196 -0.00288216 11.2 4500.42 5.108
2.5304 -0.00288291 11 4500.42 5.108
2.5416 -0.002878 11.099 4500.42 5.108
2.5529 -0.00287339 11.2 4500.42 5.108
2.5637 -0.00287443 11 4500.42 5.108
2.5751 -0.00287428 11.199 4500.42 5.108
2.5861 -0.00286729 11.1 4500.42 5.108
2.5972 -0.00288209 11.099 4500.42 5.108
2.6085 -0.00287755 11.2 4500.42 5.108
2.6195 -0.00287353 11.099 4500.42 5.108
2.6306 -0.00287324 11.099 4500.42 5.108
2.6417 -0.00287666 11.099 4500.42 5.108
2.6528 -0.00287145 11.1 4500.42 5.108
2.6637 -0.00287547 10.999 4500.42 5.108
2.6753 -0.00287011 11.3 4500.42 5.108
2.686 -0.00286915 10.999 4500.42 5.108
2.6968 -0.0028719 10.9 4500.42 5.108
2.7083 -0.00286625 11.199 4500.42 5.108
2.7191 -0.00286892 11 4500.42 5.108
2.7303 -0.00287249 11.099 4500.42 5.108
2.7412 -0.00287264 11 4500.42 5.108
2.7526 -0.00287725 11.2 4500.42 5.108
2.7638 -0.00286996 11.2 4500.42 5.108
2.775 -0.00287606 11.199 4500.42 5.108
2.786 -0.002869 11.1 4500.42 5.108
2.7973 -0.00287666 11.199 4500.42 5.108
2.8081 -0.00286535 11 4500.42 5.108
2.8195 -0.00287101 11.2 4500.42 5.108
2.8305 -0.00286565 11.099 4500.42 5.108
2.8416 -0.0028655 11.099 4500.42 5.108
2.8529 -0.0028722 11.2 4500.42 5.108
2.8639 -0.00287026 11.099 4500.42 5.108
2.8752 -0.00286744 11.2 4500.42 5.108
2.8864 -0.00286907 11.2 4500.42 5.108
2.8974 -0.00287294 11.099 4500.42 5.108
2.9085 -0.00287205 11.1 4500.42 5.108
2.9192 -0.00286238 10.899 4500.42 5.108
2.9307 -0.00286922 11.2 4500.42 5.108
2.9413 -0.00287026 10.899 4500.42 5.108
2.9528 -0.00286892 11.2 4500.42 5.108
2.9638 -0.00287115 11.099 4500.42 5.108
2.9751 -0.00287249 11.2 4500.42 5.108
2.9859 -0.00287108 10.999 4500.42 5.108
2.9971 -0.00286238 11.1 4500.42 5.108
3.0084 -0.00286089 11.199 4500.42 5.108
3.0188 -0.00286863 10.8 4500.42 5.108
3.0304 -0.00286699 11.2 4500.42 5.108
3.0416 -0.00286803 11.2 4500.42 5.108
3.0518 -0.00286312 10.699 4500.42 5.108
3.0635 -0.00285896 11.199 4500.42 5.108
3.0745 -0.00285992 11.1 4500.42 5.108
3.0856 -0.00286342 11.099 4500.42 5.108
3.0969 -0.0028603 11.2 4500.42 5.108
3.1081 -0.00286446 11.2 4500.42 5.108
3.1195 -0.00285911 11.299 4500.42 5.108
3.1302 -0.00285925 11 4500.42 5.108
3.1416 -0.00285628 11.199 4500.42 5.108
3.1528 -0.00286134 11.2 4500.42 5.108
3.164 -0.00285725 11.2 4500.42 5.108
3.1752 -0.00285955 11.2 4500.42 5.108
3.1866 -0.00285405 11.299 4500.42 5.108
3.1975 -0.00286059 11.099 4500.42 5.108
3.2088 -0.00286059 11.2 4500.42 5.108
3.22 -0.00286461 11.2 4500.42 5.108
3.231 -0.00286401 11.099 4500.42 5.108
3.2423 -0.00286223 11.2 4500.42 5.108
3.2533 -0.00285211 11.099 4500.42 5.108
3.2642 -0.00286 11 4500.42 5.108
3.2756 -0.00286342 11.2 4500.42 5.108
3.2866 -0.00285777 11.099 4500.42 5.108
3.2975 -0.00285762 11 4500.42 5.104
3.3085 -0.00285911 10.999 4500.42 5.104
3.3197 -0.00285613 11.1 4500.42 5.104
3.331 -0.0028539 11.199 4500.42 5.104
3.3422 -0.00285524 11.2 4500.42 5.104
3.3532 -0.00286357 11.099 4500.42 5.104
3.3641 -0.00286089 11 4500.42 5.104
3.3755 -0.00286104 11.2 4500.42 5.104
3.3865 -0.00286357 11.099 4500.42 5.104
3.3978 -0.00287071 11.2 4500.42 5.104
3.409 -0.00285836 11.2 4500.42 5.104
3.4202 -0.00286104 11.199 4500.42 5.104
3.4314 -0.00287309 11.2 4500.42 5.104
3.4422 -0.00286327 11 4500.42 5.104
3.4534 -0.00286468 11.099 4500.42 5.104
3.4647 -0.00286639 11.2 4500.42 5.104
3.4759 -0.00287026 11.2 4500.42 5.104
3.4871 -0.00286907 11.2 4500.42 5.104
3.4979 -0.00286461 10.999 4500.42 5.104
3.5087 -0.00286074 10.899 4500.42 5.104
3.5202 -0.00286104 11.2 4500.42 5.104
3.5312 -0.00286372 11.099 4500.42 5.104
3.5423 -0.00287577 11.1 4500.42 5.104
3.5536 -0.00286506 11.2 4500.42 5.104
3.5648 -0.00286714 11.199 4500.42 5.104
3.576 -0.00287205 11.2 4500.42 5.104
3.5874 -0.00287309 11.299 4500.42 5.104
3.5985 -0.00287324 11.2 4500.42 5.104
3.6093 -0.00287383 11 4500.42 5.104
3.6207 -0.00287517 11.2 4500.42 5.104
3.6317 -0.00286491 11.099 4500.42 5.104
3.643 -0.00286803 11.2 4500.42 5.104
3.6542 -0.00287301 11.199 4500.42 5.104
3.6654 -0.00287086 11.2 4500.42 5.104
3.6766 -0.0028777 11.2 4500.42 5.104
3.6874 -0.00287324 11 4500.42 5.104
3.6988 -0.00287071 11.2 4500.42 5.104
3.71 -0.00286357 11.199 4500.42 5.104
3.7212 -0.00286967 11.2 4500.42 5.104
3.7324 -0.0028774 11.2 4500.42 5.104
3.7434 -0.00287696 11.099 4500.42 5.104
3.7545 -0.00287614 11.099 4500.42 5.104
3.7656 -0.00286967 11.1 4500.42 5.104
3.7763 -0.00287577 10.899 4500.42 5.104
3.7878 -0.00287428 11.2 4500.42 5.104
3.799 -0.00287666 11.199 4500.42 5.104
3.8102 -0.002878 11.2 4500.42 5.104
3.8212 -0.00287487 11.099 4500.42 5.104
3.8325 -0.00287115 11.2 4500.42 5.104
3.8435 -0.00287145 11.099 4500.42 5.104
3.8548 -0.00286944 11.2 4500.42 5.104
3.8658 -0.00287041 11.099 4500.42 5.104
3.8769 -0.00287056 11.1 4500.42 5.104
3.8882 -0.00286372 11.199 4500.42 5.104
3.8996 -0.00287517 11.3 4500.42 5.104
3.9103 -0.00287086 11 4500.42 5.104
3.9217 -0.00286848 11.199 4500.42 5.104
3.9327 -0.00287026 11.1 4500.42 5.104
3.944 -0.00286781 11.199 4500.42 5.104
3.9552 -0.00286506 11.2 4500.42 5.104
3.9666 -0.00286684 11.299 4500.42 5.104
3.9777 -0.00286937 11.2 4500.42 5.104
3.9889 -0.00287011 11.2 4500.42 5.104
3.9999 -0.00287145 11.099 4500.42 5.104
4.0112 -0.00286996 11.2 4500.42 5.104
4.0224 -0.00286268 11.199 4500.42 5.104
4.0334 -0.00286744 11.1 4500.42 5.104
4.0443 -0.00286781 10.999 4500.42 5.104
4.0551 -0.00285613 10.9 4500.42 5.104
4.0662 -0.00286863 11 4500.42 5.104
4.0776 -0.0028655 11.199 4500.42 5.104
4.0884 -0.00285747 11 4500.42 5.104
4.0996 -0.00286163 11.099 4500.42 5.104
4.1105 -0.00286119 11 4500.42 5.104
4.1219 -0.00286253 11.199 4500.42 5.104
4.1327 -0.00285762 11 4500.42 5.104
4.1441 -0.00286238 11.2 4500.42 5.104
4.1551 -0.00286059 11.099 4500.42 5.104
4.1664 -0.00285836 11.199 4500.42 5.104
4.1776 -0.00285792 11.2 4500.42 5.104
4.1884 -0.00286327 10.999 4500.42 5.104
4.1994 -0.00284735 11 4500.42 5.104
4.2108 -0.00285821 11.2 4500.42 5.104
4.2214 -0.00285628 10.899 4500.42 5.104
4.2327 -0.00285509 11.099 4500.42 5.104
4.244 -0.00285754 11.2 4500.42 5.104
4.2552 -0.00285479 11.199 4500.42 5.104
4.2664 -0.0028655 11.2 4500.42 5.104
4.2772 -0.00285777 11 4500.42 5.104
4.2884 -0.00286044 11.099 4500.42 5.102
4.2995 -0.00285687 11.099 4500.42 5.102
4.3104 -0.00285182 11 4500.42 5.102
4.3216 -0.00286387 11.099 4500.42 5.102
4.3329 -0.00286134 11.199 4500.42 5.102
4.3441 -0.00285658 11.2 4500.42 5.102
4.3553 -0.0028597 11.199 4500.42 5.102
4.3665 -0.00286372 11.199 4500.42 5.102
4.3777 -0.0028597 11.2 4500.42 5.102
4.3889 -0.00287115 11.199 4500.42 5.102
4.4001 -0.00286684 11.199 4500.42 5.102
4.4113 -0.00286372 11.2 4500.42 5.102
4.4223 -0.00286387 11.099 4500.42 5.102
4.433 -0.00287815 10.9 4500.42 5.102
4.4445 -0.00286349 11.199 4500.42 5.102
4.4555 -0.00286714 11.099 4500.42 5.102
4.4664 -0.00287175 11 4500.42 5.102
4.4776 -0.00286818 11.099 4500.42 5.102
4.4885 -0.0028652 11 4500.42 5.102
4.4999 -0.00286387 11.199 4500.42 5.102
4.5111 -0.00286996 11.2 4500.42 5.102
4.5223 -0.00286654 11.199 4500.42 5.102
4.5335 -0.00286104 11.2 4500.42 5.102
4.5445 -0.00286126 11.099 4500.42 5.102
4.555 -0.00286848 10.799 4500.42 5.102
4.5664 -0.00286163 11.099 4500.42 5.102
4.5773 -0.00286446 11 4500.42 5.102
4.5885 -0.00285821 11.099 4500.42 5.102
4.5996 -0.0028661 11.099 4500.42 5.102
4.6109 -0.00286491 11.2 4500.42 5.102
4.6219 -0.00286089 11.099 4500.42 5.102
4.63 -0.00286669 9.599 4500.42 5.102
4.6426 -0.00286446 11.099 4500.42 5.102
4.6539 -0.00286848 11.199 4500.42 5.102
4.6651 -0.00286461 11.2 4500.42 5.102
4.6763 -0.00286803 11.199 4500.42 5.102
4.6875 -0.00286729 11.2 4500.42 5.102
4.6987 -0.00286282 11.199 4500.42 5.102
4.7095 -0.00285851 11 4500.42 5.102
4.7207 -0.00286074 11.099 4500.42 5.102
4.732 -0.00285777 11.199 4500.42 5.102
4.7432 -0.00286044 11.2 4500.42 5.102
4.7544 -0.00285866 11.199 4500.42 5.102
4.7654 -0.00285732 11.099 4500.42 5.102
4.7765 -0.00285747 11.099 4500.42 5.102
4.7876 -0.0028658 11.1 4500.42 5.102
4.7967 -0.00285539 10.099 4500.42 5.102
4.8074 -0.00285836 10.399 4500.42 5.102
4.819 -0.0028542 11 4500.42 5.102
4.8304 -0.00285658 11.2 4500.42 5.102
4.8416 -0.00285643 11.199 4500.42 5.102
4.8528 -0.00285107 11.199 4500.42 5.102
4.8636 -0.00285568 11 4500.42 5.102
4.8746 -0.00284959 11 4500.42 5.102
4.8858 -0.00285345 11.099 4500.42 5.102
4.8969 -0.00285836 11.099 4500.42 5.102
4.908 -0.00285568 11.099 4500.42 5.102
4.9193 -0.00285301 11.2 4500.42 5.102
4.9299 -0.00285092 10.899 4500.42 5.102
4.941 -0.00285509 11 4500.42 5.102
4.9522 -0.00285464 11.099 4500.42 5.102
4.9631 -0.00285658 11 4500.42 5.102
4.9745 -0.00285717 11.2 4500.42 5.102
4.9857 -0.00285152 11.199 4500.42 5.102
4.9967 -0.00285539 11.099 4500.42 5.102
5.0082 -0.00285063 11.3 4500.42 5.102
5.0193 -0.00285509 11.199 4500.42 5.102
5.0297 -0.00286089 10.8 4500.42 5.102
5.0409 -0.0028597 10.999 4500.42 5.102
5.0521 -0.00286907 11.1 4500.42 5.102
5.0634 -0.00286848 11.199 4500.42 5.102
5.074 -0.00287681 10.9 4500.42 5.102
5.0853 -0.00288067 11.099 4500.42 5.102
5.0968 -0.00289614 11.299 4500.42 5.102
5.1079 -0.00291979 11.2 4500.42 5.102
5.1187 -0.00293363 11 4500.42 5.102
5.1301 -0.0029662 11.199 4500.42 5.102
5.1413 -0.00300577 11.199 4500.42 5.102
5.1523 -0.00308037 11.1 4500.42 5.102
5.1634 -0.00315437 11.099 4500.42 5.102
5.1747 -0.00321878 11.199 4500.42 5.102
5.1857 -0.0032704 11.099 4500.42 5.102
5.197 -0.00334075 11.2 4500.42 5.102
5.2082 -0.00341632 11.199 4500.42 5.102
5.2194 -0.00348534 11.199 4500.42 5.102
5.2306 -0.0035911 11.2 4500.42 5.102
5.2418 -0.00371441 11.199 4500.42 5.102
5.253 -0.00377123 11.199 4500.42 5.102
5.2642 -0.00384561 11.2 4500.42 5.102
5.2754 -0.00393114 11.199 4500.42 5.102
5.2866 -0.00399927 11.2 4500.42 5.102
5.2974 -0.00408971 11 4500.42 5.102
5.309 -0.00416215 11.299 4500.42 5.102
5.3199 -0.00424574 11.099 4500.42 5.102
5.331 -0.00436883 11.099 4500.42 5.102
5.3423 -0.00450323 11.2 4500.42 5.102
5.3533 -0.00458028 11.099 4500.42 5.102
5.3646 -0.00466715 11.199 4500.42 5.102
5.3756 -0.00473944 11.099 4500.42 5.102
5.3869 -0.00483836 11.2 4500.42 5.102
5.3981 -0.00489578 11.199 4500.42 5.102
5.4091 -0.00499633 11.099 4500.42 5.102
5.4204 -0.00506966 11.2 4500.42 5.102
5.4314 -0.00518866 11.099 4500.42 5.102
5.4427 -0.00530707 11.199 4500.42 5.102
5.4539 -0.00539855 11.2 4500.42 5.102
5.4651 -0.0054579 11.199 4500.42 5.102
5.4761 -0.00554417 11.099 4500.42 5.102
5.4872 -0.00563565 11.099 4500.42 5.102
5.4985 -0.00569411 11.2 4500.42 5.102
5.5095 -0.00578054 11.099 4500.42 5.102
5.5204 -0.00588057 11 4500.42 5.102
5.532 -0.00602865 11.299 4500.42 5.102
5.5431 -0.00606673 11.2 4500.42 5.102
5.5541 -0.00612816 11.099 4500.42 5.102
5.5646 -0.0062421 10.799 4500.42 5.102
5.576 -0.00629476 11.099 4500.42 5.102
5.5873 -0.00637538 11.2 4500.42 5.102
5.5983 -0.00642269 11.099 4500.42 5.102
5.6086 -0.00649334 10.699 4500.42 5.102
5.6199 -0.00657917 11 4500.42 5.102
5.6315 -0.00667281 11.299 4500.42 5.102
5.6426 -0.00678459 11.2 4500.42 5.102
5.653 -0.00684781 10.799 4500.42 5.102
5.6646 -0.00692576 11.2 4500.42 5.102
5.6754 -0.00697752 10.999 4500.42 5.102
5.6862 -0.0070397 10.9 4500.42 5.102
5.6971 -0.00710187 10.9 4500.42 5.102
5.7082 -0.00716271 10.999 4500.42 5.102
5.7196 -0.00722236 11.2 4500.42 5.102
5.7304 -0.00730544 11 4500.42 5.102
5.7416 -0.00740428 11.099 4500.42 5.102
5.7525 -0.00742035 11 4500.42 5.102
5.7637 -0.00748133 11.099 4500.42 5.102
5.7748 -0.00751599 11.099 4500.42 5.102
5.7861 -0.00754381 11.199 4500.42 5.102
5.7967 -0.00763573 10.9 4500.42 5.102
5.808 -0.00762488 11.099 4500.42 5.102
5.8191 -0.00770431 11.099 4500.42 5.102
5.8304 -0.00767567 11.2 4500.42 5.102
5.841 -0.00772335 10.899 4500.42 5.102
5.8519 -0.00769985 10.9 4500.42 5.102
5.863 -0.00775979 11 4500.42 5.102
5.874 -0.00773822 11 4500.42 5.102
5.8854 -0.00775979 11.199 4500.42 5.102
5.8966 -0.00776485 11.199 4500.42 5.102
5.9074 -0.00774521 11 4500.42 5.102
5.9188 -0.00780278 11.2 4500.42 5.102
5.9302 -0.00776708 11.299 4500.42 5.102
5.9411 -0.00777623 11.099 4500.42 5.102
5.9526 -0.00775042 11.3 4500.42 5.102
5.9635 -0.00777065 11.099 4500.42 5.102
5.9746 -0.00777571 11.099 4500.42 5.102
5.9857 -0.00773733 11.099 4500.42 5.102
5.9968 -0.00776291 11.099 4500.42 5.102
6.0081 -0.0077525 11.2 4500.42 5.102
6.0191 -0.00774001 11.099 4500.42 5.102
6.03 -0.00774187 11 4500.42 5.102
6.0414 -0.00771621 11.199 4500.42 5.102
6.0524 -0.00771784 11.099 4500.42 5.102
6.0633 -0.00768378 11 4500.42 5.102
6.0747 -0.0077345 11.2 4500.42 5.102
6.0859 -0.00766355 11.199 4500.42 5.102
6.0971 -0.00768363 11.199 4500.42 5.102
6.1081 -0.00767248 11.1 4500.42 5.102
6.1192 -0.00767024 11.099 4500.42 5.102
6.1303 -0.00764198 11.099 4500.42 5.102
6.1416 -0.0076341 11.199 4500.42 5.102
6.1526 -0.00764154 11.099 4500.42 5.102
6.1639 -0.00759275 11.2 4500.42 5.102
6.1747 -0.0075987 11 4500.42 5.102
6.1859 -0.00757638 11.099 4500.42 5.102
6.197 -0.00755362 11.099 4500.42 5.102
6.2081 -0.00756612 11.099 4500.42 5.102
6.2194 -0.00750989 11.199 4500.42 5.102
6.2304 -0.00755273 11.099 4500.42 5.102
6.2415 -0.00752767 11.1 4500.42 5.102
6.2528 -0.00751346 11.199 4500.42 5.102
6.264 -0.00746378 11.199 4500.42 5.102
6.275 -0.00745857 11.099 4500.42 5.102
6.2863 -0.00745456 11.2 4500.42 5.102
6.2971 -0.00745069 11 4500.42 5.102
6.3085 -0.00742392 11.199 4500.42 5.102
6.3195 -0.0074138 11.099 4500.42 5.102
6.3306 -0.00739893 11.099 4500.42 5.102
6.3417 -0.00740376 11.099 4500.42 5.102
6.353 -0.00737379 11.2 4500.42 5.102
6.364 -0.0073836 11.099 4500.42 5.102
6.3751 -0.0073366 11.099 4500.42 5.102
6.3864 -0.00733541 11.2 4500.42 5.102
6.3972 -0.00731667 10.999 4500.42 5.102
6.4084 -0.00728692 11.1 4500.42 5.102
6.4189 -0.00730804 10.799 4500.42 5.102
6.4305 -0.00728246 11.199 4500.42 5.102
6.4417 -0.00725375 11.2 4500.42 5.102
6.4515 -0.00722995 10.499 4500.42 5.102
6.4638 -0.00725538 11.4 4500.42 5.102
6.4728 -0.00721299 10.2 4500.42 5.102
6.487 -0.00720897 12.199 4500.42 5.102
6.4968 -0.00720421 11 4500.42 5.102
6.5076 -0.00719127 10.899 4500.42 5.102
6.5191 -0.00716241 11.2 4500.42 5.102
6.5299 -0.00717803 11 4500.42 5.102
6.5443 -0.00714226 12.699 4500.42 5.102
6.5532 -0.00712017 10.799 4500.42 5.102
6.5654 -0.00708343 11.499 4500.42 5.102
6.5763 -0.00711496 11.2 4500.42 5.102
6.5871 -0.00705011 11 4500.42 5.102
6.5977 -0.00706439 10.799 4500.42 5.102
6.6093 -0.00704892 11.199 4500.42 5.102
6.6205 -0.0070214 11.2 4500.42 5.102
6.6315 -0.00700511 11.099 4500.42 5.102
6.6442 -0.00699775 11.899 4500.42 5.102
6.6531 -0.00697752 10.399 4500.42 5.102
6.6649 -0.00695327 11.1 4500.42 5.102
6.6758 -0.00694271 10.999 4500.42 5.102
6.6872 -0.00693602 11.2 4500.42 5.102
6.6984 -0.00689422 11.199 4500.42 5.102
6.7092 -0.0069085 11 4500.42 5.102
6.7204 -0.00687935 11.099 4500.42 5.102
6.7317 -0.00686581 11.2 4500.42 5.102
6.7449 -0.00682609 12.199 4500.42 5.102
6.7521 -0.00683264 9.699 4500.42 5.102
6.7648 -0.00682118 11.199 4500.42 5.102
6.776 -0.00684156 11.2 4500.42 5.102
6.7868 -0.00678132 11 4500.42 5.102
6.7982 -0.00674562 11.199 4500.42 5.096
6.8088 -0.00676124 10.9 4500.42 5.096
6.8199 -0.00672123 11 4500.42 5.096
6.8313 -0.00668515 11.199 4500.42 5.096
6.8421 -0.00666782 11 4500.42 5.096
6.8535 -0.00666054 11.199 4500.42 5.096
6.8643 -0.00662231 11 4500.42 5.096
6.8753 -0.00663168 11 4500.42 5.096
6.8865 -0.0065936 11.099 4500.42 5.096
6.8978 -0.00659747 11.199 4500.42 5.096
6.9094 -0.006564 11.4 4500.42 5.096
6.9202 -0.00652265 11.099 4500.42 5.096
6.9315 -0.00653038 11.2 4500.42 5.096
6.9425 -0.00652056 11.099 4500.42 5.096
6.9538 -0.00647594 11.199 4500.42 5.096
6.9648 -0.00642581 11.1 4500.42 5.096
6.9759 -0.00645482 11.099 4500.42 5.096
6.9872 -0.00643563 11.199 4500.42 5.096
6.9982 -0.00642179 11.099 4500.42 5.096
7.0095 -0.00641569 11.2 4500.42 5.096
7.0175 -0.00639442 9.599 4500.42 5.096
7.0329 -0.00635835 12.5 4500.42 5.096
7.0426 -0.00634534 11.099 4500.42 5.096
7.0537 -0.00631603 11.099 4500.42 5.096
7.0644 -0.00629268 10.899 4500.42 5.096
7.0755 -0.0062967 11 4500.42 5.096
7.0867 -0.00626947 11.099 4500.42 5.096
7.0974 -0.00626903 10.9 4500.42 5.096
7.1087 -0.00624463 11.099 4500.42 5.096
7.1198 -0.00621726 11.099 4500.42 5.096
7.1309 -0.00619897 11.099 4500.42 5.096
7.142 -0.00618603 11.099 4500.42 5.096
7.1531 -0.00615955 11.1 4500.42 5.096
7.1642 -0.00615583 11.099 4500.42 5.096
7.1753 -0.00613069 11.099 4500.42 5.096
7.1862 -0.00610258 11 4500.42 5.096
7.1968 -0.00608488 10.799 4500.42 5.096
7.2086 -0.00607387 11.3 4500.42 5.096
7.2191 -0.00604739 10.899 4500.42 5.096
7.2304 -0.00601214 11.099 4500.42 5.096
7.2415 -0.0059876 11.1 4500.42 5.096
7.2514 -0.00599012 10.499 4500.42 5.096
7.2631 -0.00596722 11.099 4500.42 5.096
7.2758 -0.00594609 11.899 4500.42 5.096
7.2861 -0.00591248 11.1 4500.42 5.096
7.2972 -0.00588659 11.099 4500.42 5.096
7.3085 -0.00587172 11.199 4500.42 5.096
7.3195 -0.00586294 11.099 4500.42 5.096
7.3306 -0.00583185 11.099 4500.42 5.096
7.3419 -0.00580924 11.2 4500.42 5.096
7.3531 -0.00579422 11.199 4500.42 5.096
7.3639 -0.00576105 11 4500.42 5.096
7.3751 -0.0057606 11.099 4500.42 5.096
7.3864 -0.00572788 11.2 4500.42 5.096
7.3976 -0.00571405 11.199 4500.42 5.096
7.4088 -0.00569917 11.199 4500.42 5.096
7.4198 -0.0056776 11.099 4500.42 5.096
7.4309 -0.00566057 11.1 4500.42 5.096
7.442 -0.00563818 11.099 4500.42 5.096
7.4533 -0.00561498 11.199 4500.42 5.096
7.4645 -0.00559029 11.199 4500.42 5.096
7.4753 -0.00558835 11 4500.42 5.096
7.4863 -0.005547 11 4500.42 5.096
7.4973 -0.00554834 11 4500.42 5.096
7.5081 -0.00552811 10.9 4500.42 5.096
7.5194 -0.00550728 11.099 4500.42 5.096
7.5305 -0.00548051 11.099 4500.42 5.096
7.5418 -0.00546058 11.199 4500.42 5.096
7.553 -0.00542904 11.2 4500.42 5.096
7.5642 -0.00541565 11.199 4500.42 5.096
7.5754 -0.00539409 11.199 4500.42 5.096
7.5862 -0.00539379 11 4500.42 5.096
7.5976 -0.00534753 11.2 4500.42 5.096
7.6086 -0.00534083 11.099 4500.42 5.096
7.6195 -0.00533533 11 4500.42 5.096
7.6307 -0.00529227 11.099 4500.42 5.096
7.6418 -0.00528119 11.099 4500.42 5.096
7.6531 -0.00524787 11.199 4500.42 5.096
7.6643 -0.00522615 11.2 4500.42 5.096
7.6755 -0.0052083 11.199 4500.42 5.096
7.6867 -0.00520845 11.2 4500.42 5.096
7.6975 -0.00518971 10.999 4500.42 5.096
7.7087 -0.00517617 11.1 4500.42 5.096
7.7196 -0.00515073 10.999 4500.42 5.096
7.7308 -0.00512143 11.099 4500.42 5.096
7.7421 -0.00508305 11.2 4500.42 5.096
7.7533 -0.00508305 11.199 4500.42 5.096
7.7645 -0.00506282 11.2 4500.42 5.096
7.7755 -0.00505509 11.099 4500.42 5.096
7.7866 -0.00503292 11.099 4500.42 5.096
7.7977 -0.00499365 11.099 4500.42 5.096
7.8088 -0.00499127 11.099 4500.42 5.096
7.8199 -0.00497833 11.099 4500.42 5.096
7.8312 -0.00494962 11.2 4500.42 5.096
7.8424 -0.00492865 11.199 4500.42 5.096
7.8536 -0.00490693 11.199 4500.42 5.096
7.8648 -0.00490069 11.2 4500.42 5.096
7.876 -0.00488001 11.199 4500.42 5.096
7.8864 -0.0048632 10.8 4500.42 5.096
7.898 -0.00484461 11.199 4500.42 5.096
7.9092 -0.00484401 11.199 4500.42 5.096
7.92 -0.00481032 11 4500.42 5.096
7.931 -0.00478213 11 4500.42 5.096
7.9422 -0.00475937 11.099 4500.42 5.096
7.9533 -0.00475729 11.099 4500.42 5.096
7.9644 -0.00472516 11.099 4500.42 5.096
7.9757 -0.00472248 11.2 4500.42 5.096
7.9863 -0.004703 10.899 4500.42 5.096
7.9978 -0.0046853 11.2 4500.42 5.096
8.0088 -0.00466551 11.099 4500.42 5.096
8.0199 -0.00465956 11.1 4500.42 5.096
8.0308 -0.00462513 10.999 4500.42 5.096
8.0422 -0.00460869 11.2 4500.42 5.096
8.0534 -0.00458906 11.199 4500.42 5.096
8.0642 -0.00457939 11 4500.42 5.096
8.0756 -0.00456362 11.199 4500.42 5.096
8.0866 -0.00453625 11.1 4500.42 5.096
8.0975 -0.00452852 10.999 4500.42 5.096
8.1087 -0.00451171 11.1 4500.42 5.096
8.1196 -0.00449252 10.999 4500.42 5.096
8.131 -0.0044711 11.2 4500.42 5.096
8.1418 -0.00446619 11 4500.42 5.096
8.1528 -0.00444105 10.999 4500.42 5.096
8.164 -0.00442856 11.1 4500.42 5.096
8.1753 -0.00440729 11.199 4500.42 5.096
8.1865 -0.00439286 11.2 4500.42 5.096
8.1975 -0.00438587 11.1 4500.42 5.096
8.2084 -0.0043582 10.999 4500.42 5.096
8.2194 -0.00435567 10.999 4500.42 5.096
8.2306 -0.00432592 11.1 4500.42 5.096
8.2417 -0.0043109 11.1 4500.42 5.096
8.2528 -0.00430048 11.099 4500.42 5.096
8.2639 -0.00428784 11.1 4500.42 5.096
8.275 -0.00426225 11.099 4500.42 5.096
8.2863 -0.00425036 11.2 4500.42 5.096
8.2971 -0.00423548 10.999 4500.42 5.096
8.3081 -0.00423251 11 4500.42 5.096
8.3195 -0.00421436 11.199 4500.42 5.096
8.3307 -0.00420008 11.2 4500.42 5.096
8.3415 -0.00416691 11 4500.42 5.096
8.3525 -0.00416349 10.999 4500.42 5.096
8.3637 -0.0041266 11.1 4500.42 5.096
8.375 -0.00412065 11.199 4500.42 5.096
8.3862 -0.00411053 11.2 4500.42 5.096
8.3972 -0.00410845 11.1 4500.42 5.096
8.4085 -0.00408971 11.199 4500.42 5.096
8.4193 -0.00408673 11 4500.42 5.096
8.4305 -0.00406092 11.099 4500.42 5.096
8.4414 -0.00403169 11 4500.42 5.096
8.4526 -0.00402798 11.099 4500.42 5.096
8.4639 -0.0040186 11.2 4500.42 5.096
8.4751 -0.00400373 11.2 4500.42 5.096
8.4859 -0.00399332 10.999 4500.42 5.096
8.4971 -0.00397606 11.1 4500.42 5.096
8.5084 -0.00395881 11.199 4500.42 5.096
8.519 -0.0039472 10.9 4500.42 5.096
8.5305 -0.00393798 11.199 4500.42 5.096
8.5417 -0.00392683 11.2 4500.42 5.096
8.5527 -0.00390972 11.1 4500.42 5.096
8.5634 -0.00389246 10.899 4500.42 5.096
8.5749 -0.00387506 11.2 4500.42 5.096
8.5861 -0.00388086 11.199 4500.42 5.096
8.5973 -0.0038648 11.2 4500.42 5.096
8.6085 -0.00381541 11.2 4500.42 5.096
8.6197 -0.00382776 11.199 4500.42 5.096
8.6307 -0.00380589 11.1 4500.42 5.096
8.642 -0.00378938 11.2 4500.42 5.096
8.6532 -0.00377153 11.199 4500.42 5.096
8.6642 -0.00377823 11.1 4500.42 5.096
8.6755 -0.00377019 11.2 4500.42 5.096
8.6863 -0.00375145 10.999 4500.42 5.096
8.6975 -0.00375829 11.1 4500.42 5.096
8.7088 -0.00373107 11.199 4500.42 5.096
8.72 -0.0037333 11.2 4500.42 5.096
8.731 -0.00371092 11.1 4500.42 5.096
8.7423 -0.00370623 11.199 4500.42 5.096
8.7533 -0.00368213 11.1 4500.42 5.096
8.7646 -0.00367916 11.199 4500.42 5.096
8.7758 -0.00366949 11.2 4500.42 5.096
8.787 -0.00365952 11.2 4500.42 5.096
8.798 -0.00364569 11.099 4500.42 5.096
8.8093 -0.0036448 11.2 4500.42 5.096
8.8203 -0.00363647 11.1 4500.42 5.096
8.8316 -0.00362338 11.199 4500.42 5.096
8.8426 -0.00360925 11.1 4500.42 5.096
8.8539 -0.00360017 11.2 4500.42 5.096
8.8649 -0.00358649 11.099 4500.42 5.096
8.8762 -0.00357593 11.2 4500.42 5.096
8.8874 -0.00356923 11.2 4500.42 5.096
8.8986 -0.00355823 11.199 4500.42 5.096
8.9096 -0.00356165 11.1 4500.42 5.096
8.9209 -0.00354186 11.2 4500.42 5.096
8.9319 -0.00352996 11.099 4500.42 5.096
8.9432 -0.00352758 11.2 4500.42 5.096
8.9542 -0.00350958 11.099 4500.42 5.096
8.9653 -0.00350393 11.1 4500.42 5.096
8.9764 -0.00349025 11.099 4500.42 5.096
8.9871 -0.00349322 10.9 4500.42 5.096
8.9984 -0.00347894 11.099 4500.42 5.096
9.0097 -0.00347552 11.2 4500.42 5.096
9.0209 -0.00346652 11.2 4500.42 5.096
9.0323 -0.00345693 11.3 4500.42 5.096
9.0434 -0.00344637 11.199 4500.42 5.096
9.0544 -0.00344428 11.1 4500.42 5.096
9.0657 -0.00342822 11.2 4500.42 5.096
9.0765 -0.00343253 10.999 4500.42 5.096
9.0877 -0.00342301 11.099 4500.42 5.096
9.0984 -0.00341736 10.9 4500.42 5.096
9.1097 -0.00340033 11.099 4500.42 5.096
9.1206 -0.00338285 11 4500.42 5.096
9.132 -0.0033708 11.199 4500.42 5.096
9.1428 -0.0033708 11 4500.42 5.096
9.1542 -0.00336693 11.2 4500.42 5.096
9.165 -0.00336203 10.999 4500.42 5.096
9.1762 -0.00334641 11.1 4500.42 5.096
9.1875 -0.0033418 11.199 4500.42 5.096
9.1985 -0.00332945 11.1 4500.42 5.096
9.2098 -0.00331948 11.2 4500.42 5.096
9.2206 -0.00331517 10.999 4500.42 5.096
9.232 -0.00331666 11.2 4500.42 5.096
9.2426 -0.00331115 10.899 4500.42 5.096
9.2541 -0.00330372 11.2 4500.42 5.096
9.2651 -0.00329687 11.099 4500.42 5.096
9.276 -0.00329152 11 4500.42 5.096
9.2872 -0.00327828 11.099 4500.42 5.096
9.2985 -0.00327426 11.2 4500.42 5.096
9.3095 -0.00327129 11.1 4500.42 5.096
9.3208 -0.0032605 11.199 4500.42 5.096
9.332 -0.00325061 11.2 4500.42 5.096
9.3424 -0.00324957 10.799 4500.42 5.096
9.354 -0.00324139 11.2 4500.42 5.096
9.365 -0.00324392 11.099 4500.42 5.096
9.3763 -0.00323083 11.2 4500.42 5.096
9.3873 -0.00322384 11.1 4500.42 5.096
9.3984 -0.00321938 11.099 4500.42 5.096
9.4095 -0.00321982 11.1 4500.42 5.096
9.4208 -0.00320852 11.199 4500.42 5.096
9.432 -0.00320614 11.2 4500.42 5.096
9.443 -0.00320153 11.1 4500.42 5.096
9.4543 -0.0031926 11.199 4500.42 5.096
9.4653 -0.00319305 11.1 4500.42 5.096
9.4764 -0.00318799 11.099 4500.42 5.096
9.4877 -0.00317877 11.2 4500.42 5.096
9.4989 -0.00318219 11.2 4500.42 5.096
9.5099 -0.00317542 11.099 4500.42 5.096
9.521 -0.00316716 11.1 4500.42 5.096
9.5323 -0.00316419 11.2 4500.42 5.096
9.5431 -0.00316345 10.999 4500.42 5.096
9.5543 -0.00316196 11.1 4500.42 5.096
9.5656 -0.00315125 11.199 4500.42 5.096
9.5768 -0.00315036 11.2 4500.42 5.096
9.5878 -0.0031334 11.1 4500.42 5.096
9.5991 -0.00313727 11.199 4500.42 5.096
9.6103 -0.00312901 11.2 4500.42 5.096
9.6215 -0.00312849 11.2 4500.42 5.096
9.6325 -0.00312209 11.099 4500.42 5.096
9.6436 -0.00310871 11.1 4500.42 5.096
9.6547 -0.00310856 11.099 4500.42 5.096
9.6658 -0.00310365 11.1 4500.42 5.096
9.6771 -0.00310023 11.2 4500.42 5.096
9.6881 -0.00309889 11.099 4500.42 5.096
9.6992 -0.00309309 11.1 4500.42 5.096
9.7105 -0.0030823 11.199 4500.42 5.096
9.7219 -0.00308282 11.3 4500.42 5.096
9.7328 -0.00308282 11.1 4500.42 5.096
9.7469 -0.00307792 12.599 4500.42 5.096
9.7565 -0.00306706 11.1 4500.42 5.096
9.7678 -0.00306646 11.2 4500.42 5.096
9.7788 -0.00306423 11.099 4500.42 5.096
9.7899 -0.00305337 11.1 4500.42 5.096
9.801 -0.00306044 11.099 4500.42 5.096
9.8123 -0.00305412 11.2 4500.42 5.096
9.8235 -0.00304936 11.2 4500.42 5.096
9.8347 -0.00304861 11.199 4500.42 5.096
9.8457 -0.00304876 11.1 4500.42 5.096
9.8568 -0.00303939 11.1 4500.42 5.096
9.8681 -0.00303389 11.199 4500.42 5.096
9.8785 -0.00302645 10.799 4500.42 5.096
9.8899 -0.00303136 11.1 4500.42 5.096
9.9008 -0.00302295 10.999 4500.42 5.096
9.912 -0.00302005 11.1 4500.42 5.096
9.9231 -0.00301009 11.1 4500.42 5.096
9.9342 -0.00301351 11.099 4500.42 5.096
9.9455 -0.0030019 11.2 4500.42 5.096
9.9565 -0.00300205 11.099 4500.42 5.096
9.9676 -0.00299982 11.1 4500.42 5.096
9.9789 -0.00299655 11.2 4500.42 5.096
9.9897 -0.00299781 10.999 4500.42 5.096
10.0007 -0.00298837 10.999 4500.42 5.096
10.0119 -0.00298852 11.1 4500.42 5.096
10.0232 -0.00299179 11.2 4500.42 5.096
10.0344 -0.00298688 11.199 4500.42 5.096
10.0456 -0.0029842 11.2 4500.42 5.096
10.0566 -0.00297885 11.1 4500.42 5.096
10.0675 -0.00297781 10.999 4500.42 5.096
10.0789 -0.00297468 11.2 4500.42 5.096
10.0897 -0.00297171 10.999 4500.42 5.096
10.1011 -0.00297111 11.2 4500.42 5.096
10.1125 -0.00296888 11.3 4500.42 5.096
10.1236 -0.00296888 11.199 4500.42 5.096
10.1348 -0.00295847 11.2 4500.42 5.096
10.1458 -0.00297082 11.1 4500.42 5.096
10.1569 -0.00296174 11.099 4500.42 5.096
10.1682 -0.00295252 11.2 4500.42 5.096
10.1792 -0.00295981 11.1 4500.42 5.096
10.1905 -0.00295096 11.199 4500.42 5.096
10.2017 -0.00295118 11.2 4500.42 5.096
10.2127 -0.00295044 11.099 4500.42 5.096
10.224 -0.00294464 11.2 4500.42 5.096
10.2352 -0.00293869 11.2 4500.42 5.096
10.2464 -0.00293586 11.2 4500.42 5.096
10.2576 -0.00292887 11.199 4500.42 5.096
10.2688 -0.00292188 11.2 4500.42 5.096
10.2798 -0.00292827 11.1 4500.42 5.096
10.2903 -0.00292389 10.799 4500.42 5.096
10.3043 -0.00292842 12.399 4500.42 5.096
10.3143 -0.0029247 11.2 4500.42 5.096
10.3253 -0.00292128 11.099 4500.42 5.096
10.3366 -0.00292679 11.2 4500.42 5.096
10.3476 -0.00291831 11.099 4500.42 5.096
10.3587 -0.00292084 11.1 4500.42 5.096
10.3696 -0.00291414 10.999 4500.42 5.096
10.381 -0.00291667 11.2 4500.42 5.096
10.3918 -0.00291236 11 4500.42 5.096
10.403 -0.00291146 11.099 4500.42 5.096
10.4143 -0.00291325 11.2 4500.42 5.096
10.4253 -0.0029076 11.099 4500.42 5.096
10.4362 -0.00290745 11 4500.42 5.096
10.4476 -0.0029018 11.2 4500.42 5.096
10.4588 -0.00290313 11.199 4500.42 5.096
10.4698 -0.00289495 11.1 4500.42 5.096
10.4809 -0.00289019 11.099 4500.42 5.096
10.4916 -0.00289689 10.9 4500.42 5.096
10.5031 -0.00289079 11.199 4500.42 5.096
10.5143 -0.00289049 11.2 4500.42 5.096
10.5253 -0.00289019 11.1 4500.42 5.096
10.5366 -0.00289362 11.199 4500.42 5.096
10.548 -0.00288633 11.3 4500.42 5.096
10.5589 -0.00289168 11.1 4500.42 5.096
10.5702 -0.00289421 11.199 4500.42 5.096
10.5812 -0.00287948 11.1 4500.42 5.096
10.5919 -0.00288499 10.899 4500.42 5.096
10.6036 -0.00287636 11.3 4500.42 5.096
10.6147 -0.00288291 11.2 4500.42 5.096
10.6251 -0.00287815 10.799 4500.42 5.096
10.6367 -0.00287339 11.2 4500.42 5.096
10.6477 -0.00287309 11.099 4500.42 5.096
10.6592 -0.0028774 11.3 4500.42 5.096
10.6703 -0.00287398 11.2 4500.42 5.096
10.6783 -0.0028719 9.599 4500.42 5.096
10.6907 -0.0028722 11 4500.42 5.096
10.7019 -0.00287175 11.099 4500.42 5.096
10.7132 -0.00286729 11.2 4500.42 5.096
10.724 -0.00286639 10.999 4500.42 5.096
10.7352 -0.00287145 11.1 4500.42 5.096
10.7463 -0.00287591 11.1 4500.42 5.096
10.7576 -0.00286357 11.199 4500.42 5.096
10.7688 -0.00286104 11.2 4500.42 5.096
10.78 -0.00286022 11.2 4500.42 5.096
10.791 -0.00286044 11.099 4500.42 5.093
10.8017 -0.00285613 10.9 4500.42 5.093
10.8132 -0.00285122 11.199 4500.42 5.093
10.824 -0.00285613 11 4500.42 5.093
10.8356 -0.00285449 11.299 4500.42 5.093
10.8467 -0.00285152 11.2 4500.42 5.093
10.8579 -0.00285167 11.2 4500.42 5.093
10.8691 -0.00285063 11.2 4500.42 5.093
10.8801 -0.00284892 11.099 4500.42 5.093
10.891 -0.00284408 11 4500.42 5.093
10.9024 -0.00284631 11.199 4500.42 5.093
10.9136 -0.00284557 11.2 4500.42 5.093
10.9248 -0.00284587 11.2 4500.42 5.093
10.9358 -0.00284765 11.099 4500.42 5.093
10.9467 -0.0028417 11 4500.42 5.093
10.9577 -0.00285345 10.999 4500.42 5.093
10.9689 -0.00284319 11.1 4500.42 5.093
10.9802 -0.0028481 11.199 4500.42 5.093
10.9912 -0.00284066 11.1 4500.42 5.093
11.0023 -0.00284215 11.099 4500.42 5.093
11.0134 -0.00284512 11.1 4500.42 5.093
11.0243 -0.00283798 10.999 4500.42 5.093
11.0357 -0.00284542 11.2 4500.42 5.093
11.0467 -0.00283754 11.1 4500.42 5.093
11.0582 -0.00284542 11.3 4500.42 5.093
11.0689 -0.00284408 10.999 4500.42 5.093
11.0803 -0.0028385 11.2 4500.42 5.093
11.0909 -0.00284245 10.899 4500.42 5.093
11.1026 -0.00284245 11.3 4500.42 5.093
11.1137 -0.00284349 11.199 4500.42 5.093
11.1249 -0.00284512 11.2 4500.42 5.093
11.1357 -0.00283456 11 4500.42 5.093
11.1471 -0.00283307 11.199 4500.42 5.093
11.1581 -0.0028362 11.1 4500.42 5.093
11.1692 -0.00282802 11.099 4500.42 5.093
11.1805 -0.0028333 11.2 4500.42 5.093
11.1917 -0.00282936 11.2 4500.42 5.093
11.2027 -0.00283307 11.099 4500.42 5.093
11.214 -0.00283992 11.2 4500.42 5.093
11.225 -0.00282861 11.1 4500.42 5.093
11.2359 -0.00282802 10.999 4500.42 5.093
11.2471 -0.00283248 11.1 4500.42 5.093
11.2582 -0.0028301 11.099 4500.42 5.093
11.2693 -0.00283679 11.1 4500.42 5.093
11.2804 -0.00283412 11.099 4500.42 5.093
11.2917 -0.00283203 11.2 4500.42 5.093
11.3029 -0.00282876 11.2 4500.42 5.093
11.3139 -0.00282906 11.099 4500.42 5.093
11.3248 -0.00282846 11 4500.42 5.093
11.3362 -0.00282519 11.199 4500.42 5.093
11.3474 -0.00282712 11.2 4500.42 5.093
11.3586 -0.00283337 11.2 4500.42 5.093
11.37 -0.00282207 11.3 4500.42 5.093
11.3811 -0.00281909 11.199 4500.42 5.093
11.3923 -0.00282504 11.2 4500.42 5.093
11.4037 -0.00282906 11.3 4500.42 5.093
11.4144 -0.0028182 10.999 4500.42 5.093
11.4256 -0.00282147 11.1 4500.42 5.093
11.4369 -0.00281641 11.2 4500.42 5.093
11.4481 -0.00282103 11.199 4500.42 5.093
11.4593 -0.00281671 11.2 4500.42 5.093
11.4705 -0.00282296 11.2 4500.42 5.093
11.4815 -0.00281998 11.099 4500.42 5.093
11.4928 -0.00281448 11.2 4500.42 5.093
11.5036 -0.00281552 10.999 4500.42 5.093
11.515 -0.00282341 11.2 4500.42 5.093
11.526 -0.00281463 11.1 4500.42 5.093
11.5373 -0.00281165 11.199 4500.42 5.093
11.5485 -0.00281344 11.2 4500.42 5.093
11.5597 -0.00282251 11.2 4500.42 5.093
11.5707 -0.0028182 11.099 4500.42 5.093
11.5818 -0.00281671 11.1 4500.42 5.093
11.5931 -0.00282088 11.199 4500.42 5.093
11.6039 -0.00282058 11 4500.42 5.093
11.6149 -0.00282132 10.999 4500.42 5.093
11.6261 -0.00281671 11.1 4500.42 5.093
11.6374 -0.0028246 11.2 4500.42 5.093
11.6486 -0.00282103 11.199 4500.42 5.093
11.6596 -0.00281716 11.1 4500.42 5.093
11.6707 -0.0028208 11.099 4500.42 5.093
11.682 -0.00281641 11.2 4500.42 5.093
11.693 -0.00281433 11.1 4500.42 5.093
11.7041 -0.00282028 11.099 4500.42 5.093
11.7152 -0.0028182 11.1 4500.42 5.093
11.7263 -0.00281612 11.099 4500.42 5.093
11.7376 -0.00282088 11.2 4500.42 5.093
11.7486 -0.00281716 11.1 4500.42 5.093
11.7597 -0.00281798 11.099 4500.42 5.093
11.771 -0.00281597 11.2 4500.42 5.093
11.782 -0.00281225 11.099 4500.42 5.093
11.7925 -0.00282192 10.8 4500.42 5.089
11.8049 -0.00282281 11.599 4500.42 5.089
11.8153 -0.00281627 10.999 4500.42 5.089
11.8265 -0.00281389 11.1 4500.42 5.089
11.8376 -0.00282013 11.099 4500.42 5.089
11.8489 -0.00281775 11.2 4500.42 5.089
11.8597 -0.00281656 10.999 4500.42 5.089
11.8707 -0.0028237 11 4500.42 5.089
11.8819 -0.00282058 11.099 4500.42 5.089
11.8932 -0.00281939 11.2 4500.42 5.089
11.9042 -0.00282043 11.1 4500.42 5.089
11.9157 -0.00282088 11.3 4500.42 5.089
11.9266 -0.00282058 11.099 4500.42 5.089
11.9377 -0.00281448 11.1 4500.42 5.089
11.9488 -0.00282266 11.099 4500.42 5.089
11.9601 -0.00281879 11.2 4500.42 5.089
11.9713 -0.00282407 11.2 4500.42 5.089
11.9823 -0.00281865 11.099 4500.42 5.089
11.9934 -0.00282073 11.1 4500.42 5.089
12.0047 -0.00282207 11.199 4500.42 5.089
12.0157 -0.00282608 11.1 4500.42 5.089
12.027 -0.00282192 11.2 4500.42 5.089
12.0382 -0.00281998 11.199 4500.42 5.089
12.049 -0.00282147 11 4500.42 5.089
12.0604 -0.00282229 11.2 4500.42 5.089
12.0712 -0.00282861 10.999 4500.42 5.089
12.0826 -0.00281984 11.2 4500.42 5.089
12.0934 -0.00281418 10.999 4500.42 5.089
12.1046 -0.00281865 11.1 4500.42 5.089
12.1157 -0.00281894 11.099 4500.42 5.089
12.1268 -0.00282415 11.1 4500.42 5.089
12.1379 -0.00282846 11.099 4500.42 5.089
12.1492 -0.0028179 11.2 4500.42 5.089
12.1604 -0.00281441 11.2 4500.42 5.089
12.1716 -0.00282088 11.199 4500.42 5.089
12.1828 -0.00282177 11.2 4500.42 5.089
12.194 -0.002824 11.2 4500.42 5.089
12.2052 -0.00282251 11.2 4500.42 5.089
12.2162 -0.0028237 11.099 4500.42 5.089
12.2273 -0.00281493 11.1 4500.42 5.089
12.238 -0.00282341 10.899 4500.42 5.089
12.2495 -0.00281641 11.2 4500.42 5.089
12.2605 -0.00281984 11.099 4500.42 5.089
12.2718 -0.00282385 11.2 4500.42 5.089
12.283 -0.00281076 11.2 4500.42 5.089
12.294 -0.00281552 11.099 4500.42 5.089
12.3047 -0.00282103 10.899 4500.42 5.089
12.316 -0.00282802 11.1 4500.42 5.089
12.3273 -0.00282311 11.2 4500.42 5.089
12.3383 -0.00282177 11.099 4500.42 5.089
12.3496 -0.00282579 11.2 4500.42 5.089
12.3608 -0.00282318 11.2 4500.42 5.089
12.3722 -0.00283397 11.3 4500.42 5.089
12.3829 -0.00282251 10.999 4500.42 5.089
12.3941 -0.00282519 11.099 4500.42 5.089
12.4056 -0.00282296 11.3 4500.42 5.089
12.4163 -0.00282519 11 4500.42 5.089
12.4277 -0.00283322 11.199 4500.42 5.089
12.4389 -0.00283174 11.2 4500.42 5.089
12.4501 -0.00282921 11.2 4500.42 5.089
12.4613 -0.00282222 11.2 4500.42 5.089
12.4723 -0.0028298 11.099 4500.42 5.089
12.4836 -0.00283129 11.2 4500.42 5.089
12.4948 -0.00282668 11.199 4500.42 5.089
12.506 -0.00282861 11.2 4500.42 5.089
12.5168 -0.00282906 11 4500.42 5.089
12.528 -0.00283754 11.099 4500.42 5.089
12.5389 -0.00283188 11 4500.42 5.089
12.5501 -0.00282653 11.099 4500.42 5.089
12.5612 -0.00283307 11.1 4500.42 5.089
12.5723 -0.00283412 11.099 4500.42 5.089
12.5836 -0.0028362 11.2 4500.42 5.089
12.5946 -0.00283233 11.1 4500.42 5.089
12.6055 -0.00283218 10.999 4500.42 5.089
12.6165 -0.00282757 10.999 4500.42 5.089
12.6279 -0.00284572 11.2 4500.42 5.089
12.6385 -0.00320242 10.899 4500.42 5.089
12.65 -0.00367633 11.2 4500.42 5.089
12.6612 -0.0037371 11.2 4500.42 5.089
12.6724 -0.00374684 11.199 4500.42 5.089
12.6838 -0.00373777 11.3 4500.42 5.089
12.6949 -0.00373286 11.2 4500.42 5.089
12.7059 -0.00373211 11.1 4500.42 5.089
12.7172 -0.00372542 11.199 4500.42 5.089
12.7282 -0.00372512 11.1 4500.42 5.089
12.7395 -0.00370564 11.2 4500.42 5.089
12.7507 -0.0036915 11.199 4500.42 5.089
12.7613 -0.00367708 10.9 4500.42 5.089
12.7726 -0.00367306 11.099 4500.42 5.089
12.7837 -0.00366027 11.1 4500.42 5.089
12.7922 -0.00364465 9.8 4500.42 5.088
12.8074 -0.00364495 12.499 4500.42 5.088
12.8173 -0.00363379 11.2 4500.42 5.088
12.8285 -0.00362858 11.199 4500.42 5.088
12.8395 -0.00360315 11.1 4500.42 5.088
12.8506 -0.00359378 11.099 4500.42 5.088
12.8617 -0.00358009 11.1 4500.42 5.088
12.8726 -0.00357117 10.999 4500.42 5.088
12.8838 -0.0035612 11.1 4500.42 5.088
12.8951 -0.00355927 11.2 4500.42 5.088
12.9059 -0.00354915 10.999 4500.42 5.088
12.9173 -0.00355004 11.2 4500.42 5.088
12.9279 -0.00353457 10.899 4500.42 5.088
12.939 -0.00352848 11 4500.42 5.088
12.9504 -0.00350936 11.199 4500.42 5.088
12.9614 -0.0034953 11.1 4500.42 5.088
12.9727 -0.00349843 11.199 4500.42 5.088
12.9837 -0.00348102 11.1 4500.42 5.088
12.9948 -0.00347954 11.1 4500.42 5.088
13.0055 -0.00346392 10.899 4500.42 5.088
13.0168 -0.00345827 11.099 4500.42 5.088
13.0279 -0.00345842 11.1 4500.42 5.088
13.039 -0.00344339 11.1 4500.42 5.088
13.0505 -0.00343841 11.299 4500.42 5.088
13.0612 -0.00341647 11 4500.42 5.088
13.0724 -0.00342167 11.099 4500.42 5.088
13.0835 -0.00341215 11.1 4500.42 5.088
13.0948 -0.00340368 11.2 4500.42 5.088
13.1056 -0.00340873 10.999 4500.42 5.088
13.117 -0.00339297 11.2 4500.42 5.088
13.128 -0.0033891 11.099 4500.42 5.088
13.1393 -0.00338508 11.2 4500.42 5.088
13.1505 -0.0033685 11.2 4500.42 5.088
13.1615 -0.00334879 11.099 4500.42 5.088
13.1728 -0.00334432 11.2 4500.42 5.088
13.184 -0.00333555 11.2 4500.42 5.088
13.195 -0.00334328 11.099 4500.42 5.088
13.2063 -0.0033229 11.2 4500.42 5.088
13.2171 -0.00333406 10.999 4500.42 5.088
13.2279 -0.00332276 10.9 4500.42 5.088
13.2392 -0.00330669 11.099 4500.42 5.088
13.2505 -0.00330327 11.2 4500.42 5.088
13.2615 -0.00329524 11.1 4500.42 5.088
13.2728 -0.00328869 11.199 4500.42 5.088
13.2838 -0.00327917 11.1 4500.42 5.088
13.2949 -0.00327709 11.099 4500.42 5.088
13.306 -0.0032698 11.1 4500.42 5.088
13.3173 -0.00326831 11.2 4500.42 5.088
13.3285 -0.00325775 11.199 4500.42 5.088
13.3399 -0.00325478 11.3 4500.42 5.088
13.3508 -0.00324734 11.1 4500.42 5.088
13.3621 -0.00324109 11.199 4500.42 5.088
13.3731 -0.00323485 11.1 4500.42 5.088
13.3844 -0.00322726 11.2 4500.42 5.088
13.3956 -0.00323187 11.199 4500.42 5.088
13.4068 -0.00322324 11.2 4500.42 5.088
13.418 -0.00321893 11.2 4500.42 5.088
13.429 -0.00321015 11.099 4500.42 5.088
13.4395 -0.00320182 10.799 4500.42 5.088
13.4507 -0.00319141 11 4500.42 5.088
13.4619 -0.0031862 11.099 4500.42 5.088
13.4732 -0.00318844 11.2 4500.42 5.088
13.484 -0.00317936 11 4500.42 5.088
13.4952 -0.00317118 11.099 4500.42 5.088
13.5065 -0.00316716 11.2 4500.42 5.088
13.5175 -0.00316702 11.099 4500.42 5.088
13.5288 -0.00316702 11.2 4500.42 5.088
13.54 -0.00315474 11.2 4500.42 5.088
13.5512 -0.00314917 11.199 4500.42 5.088
13.5624 -0.00313667 11.2 4500.42 5.088
13.5734 -0.00313831 11.1 4500.42 5.088
13.5845 -0.0031334 11.099 4500.42 5.088
13.596 -0.00313057 11.3 4500.42 5.088
13.6071 -0.00312641 11.2 4500.42 5.088
13.6183 -0.00312685 11.2 4500.42 5.088
13.6291 -0.00312432 10.999 4500.42 5.088
13.6407 -0.00311406 11.3 4500.42 5.088
13.6514 -0.00309695 10.999 4500.42 5.088
13.6626 -0.00309562 11.1 4500.42 5.088
13.6737 -0.00308982 11.099 4500.42 5.088
13.685 -0.00309517 11.2 4500.42 5.088
13.696 -0.00308952 11.1 4500.42 5.088
13.7071 -0.00307539 11.099 4500.42 5.088
13.7184 -0.00307821 11.2 4500.42 5.088
13.7294 -0.00307747 11.099 4500.42 5.088
13.7405 -0.0030733 11.1 4500.42 5.088
13.7514 -0.00305783 10.999 4500.42 5.088
13.7628 -0.00306081 11.2 4500.42 5.088
13.7738 -0.00305888 11.1 4500.42 5.088
13.7849 -0.00305471 11.099 4500.42 5.088
13.7942 -0.00305456 10.2 4500.42 5.088
13.8084 -0.00304489 12.199 4500.42 5.088
13.8184 -0.00304683 11.099 4500.42 5.088
13.8297 -0.00303426 11.2 4500.42 5.088
13.8409 -0.00303106 11.2 4500.42 5.088
13.8517 -0.00302883 10.999 4500.42 5.088
13.8627 -0.00302942 10.999 4500.42 5.088
13.8739 -0.00303537 11.1 4500.42 5.088
13.8852 -0.00302451 11.2 4500.42 5.088
13.8962 -0.00302377 11.099 4500.42 5.088
13.9075 -0.0030141 11.2 4500.42 5.088
13.9185 -0.00301544 11.1 4500.42 5.088
13.9296 -0.00300726 11.099 4500.42 5.088
13.9407 -0.00300585 11.1 4500.42 5.088
13.9518 -0.00300071 11.099 4500.42 5.088
13.9631 -0.00300339 11.2 4500.42 5.088
13.9739 -0.00300012 10.999 4500.42 5.088
13.9853 -0.002997 11.2 4500.42 5.088
13.9961 -0.00299685 10.999 4500.42 5.088
14.0073 -0.00298748 11.1 4500.42 5.088
14.0186 -0.00298257 11.2 4500.42 5.088
14.0298 -0.00297944 11.199 4500.42 5.088
14.0406 -0.00298093 11 4500.42 5.088
14.0516 -0.00297275 10.999 4500.42 5.088
14.0628 -0.00297691 11.1 4500.42 5.088
14.0739 -0.00297364 11.099 4500.42 5.088
14.085 -0.00296025 11.1 4500.42 5.088
14.0963 -0.00296561 11.2 4500.42 5.088
14.1073 -0.00296234 11.099 4500.42 5.088
14.1184 -0.00295341 11.1 4500.42 5.088
14.1295 -0.00294999 11.099 4500.42 5.088
14.1404 -0.00294538 11 4500.42 5.088
14.1516 -0.00295371 11.099 4500.42 5.088
14.1627 -0.00294002 11.1 4500.42 5.088
14.1738 -0.00293705 11.099 4500.42 5.088
14.1849 -0.00294434 11.1 4500.42 5.088
14.196 -0.00293794 11.1 4500.42 5.088
14.2071 -0.00293482 11.099 4500.42 5.088
14.2182 -0.00293883 11.1 4500.42 5.088
14.2295 -0.00294092 11.199 4500.42 5.088
14.2403 -0.00293363 11 4500.42 5.088
14.2513 -0.0029253 10.999 4500.42 5.088
14.2627 -0.00292113 11.2 4500.42 5.088
14.2739 -0.00292203 11.2 4500.42 5.088
14.2847 -0.00291608 10.999 4500.42 5.088
14.2961 -0.00292084 11.2 4500.42 5.086
14.3071 -0.00292009 11.099 4500.42 5.086
14.3182 -0.00292054 11.1 4500.42 5.086
14.3295 -0.00291965 11.2 4500.42 5.086
14.3407 -0.00291913 11.199 4500.42 5.086
14.3517 -0.0029131 11.1 4500.42 5.086
14.3628 -0.00291206 11.099 4500.42 5.086
14.3739 -0.00290447 11.1 4500.42 5.086
14.385 -0.00290775 11.1 4500.42 5.086
14.3965 -0.00290343 11.299 4500.42 5.086
14.4076 -0.00290373 11.2 4500.42 5.086
14.4154 -0.00290388 9.5 4500.42 5.086
14.4279 -0.00289079 10.999 4500.42 5.086
14.4391 -0.00290239 11.1 4500.42 5.086
14.4504 -0.00289986 11.199 4500.42 5.086
14.4614 -0.00290343 11.1 4500.42 5.086
14.4727 -0.00290299 11.199 4500.42 5.086
14.4835 -0.00289495 11 4500.42 5.086
14.4949 -0.00289867 11.2 4500.42 5.086
14.5059 -0.00289659 11.099 4500.42 5.086
14.517 -0.0028899 11.1 4500.42 5.086
14.5281 -0.00289391 11.099 4500.42 5.086
14.5392 -0.00288112 11.1 4500.42 5.086
14.5507 -0.00289205 11.3 4500.42 5.086
14.5616 -0.00288781 11.099 4500.42 5.086
14.5727 -0.00288529 11.1 4500.42 5.086
14.584 -0.00288157 11.2 4500.42 5.086
14.5948 -0.00287993 10.999 4500.42 5.086
14.6058 -0.0028777 10.999 4500.42 5.086
14.6172 -0.0028722 11.2 4500.42 5.086
14.628 -0.00287026 11 4500.42 5.086
14.6394 -0.00287361 11.199 4500.42 5.086
14.6506 -0.00287428 11.2 4500.42 5.086
14.6618 -0.00286729 11.2 4500.42 5.086
14.6726 -0.0028722 10.999 4500.42 5.086
14.684 -0.00286996 11.2 4500.42 5.086
14.695 -0.00286758 11.099 4500.42 5.086
14.7061 -0.00286104 11.1 4500.42 5.086
14.717 -0.00286476 10.999 4500.42 5.086
14.728 -0.00286565 11 4500.42 5.086
14.7396 -0.00285747 11.3 4500.42 5.086
14.7505 -0.0028594 11.099 4500.42 5.086
14.7618 -0.00285777 11.2 4500.42 5.086
14.7728 -0.00285747 11.099 4500.42 5.086
14.7841 -0.00284929 11.2 4500.42 5.086
14.7919 -0.00284869 9.5 4500.42 5.086
14.8048 -0.00285211 11.199 4500.42 5.086
14.8156 -0.00284795 11 4500.42 5.086
14.827 -0.00285747 11.199 4500.42 5.086
14.838 -0.00284944 11.1 4500.42 5.086
14.8487 -0.0028542 10.899 4500.42 5.086
14.8602 -0.00284304 11.2 4500.42 5.086
14.871 -0.00284245 10.999 4500.42 5.086
14.882 -0.00284215 11 4500.42 5.086
14.8932 -0.0028423 11.099 4500.42 5.086
14.9043 -0.00285063 11.1 4500.42 5.086
14.9154 -0.00284215 11.099 4500.42 5.086
14.9265 -0.00284735 11.1 4500.42 5.086
14.9374 -0.00284215 10.999 4500.42 5.086
14.9488 -0.00284215 11.2 4500.42 5.086
14.9598 -0.00283471 11.1 4500.42 5.086
14.9709 -0.00283404 11.099 4500.42 5.086
14.9824 -0.00283769 11.3 4500.42 5.086
14.9931 -0.00283813 11 4500.42 5.086
15.0045 -0.0028298 11.199 4500.42 5.086
15.0157 -0.00284393 11.2 4500.42 5.086
15.0267 -0.00283635 11.099 4500.42 5.086
15.038 -0.00283278 11.2 4500.42 5.086
15.0492 -0.00284051 11.2 4500.42 5.086
15.0602 -0.00283493 11.099 4500.42 5.086
15.0713 -0.00283917 11.1 4500.42 5.086
15.0824 -0.00283367 11.1 4500.42 5.086
15.0935 -0.00282668 11.099 4500.42 5.086
15.1046 -0.00283486 11.1 4500.42 5.086
15.1159 -0.00282504 11.199 4500.42 5.086
15.1271 -0.00283278 11.2 4500.42 5.086
15.1383 -0.00282846 11.2 4500.42 5.086
15.1495 -0.00282571 11.199 4500.42 5.086
15.1607 -0.00282058 11.2 4500.42 5.086
15.1719 -0.00282802 11.2 4500.42 5.086
15.1831 -0.00282445 11.2 4500.42 5.086
15.1943 -0.00283278 11.199 4500.42 5.086
15.2053 -0.00282802 11.1 4500.42 5.086
15.2166 -0.00282177 11.199 4500.42 5.086
15.2278 -0.00281329 11.2 4500.42 5.086
15.2388 -0.00281746 11.1 4500.42 5.086
15.2497 -0.00281537 10.999 4500.42 5.086
15.2607 -0.00282222 11 4500.42 5.086
15.2715 -0.00282028 10.899 4500.42 5.086
15.283 -0.002824 11.2 4500.42 5.086
15.2934 -0.00281582 10.799 4500.42 5.084
15.3058 -0.00281716 11.599 4500.42 5.084
15.3164 -0.00281582 11.1 4500.42 5.084
15.3279 -0.00280927 11.299 4500.42 5.084
15.3388 -0.00281686 11.1 4500.42 5.084
15.3499 -0.00281299 11.1 4500.42 5.084
15.3612 -0.00281998 11.199 4500.42 5.084
15.3724 -0.00281463 11.2 4500.42 5.084
15.3836 -0.00280927 11.2 4500.42 5.084
15.3946 -0.00281775 11.099 4500.42 5.084
15.4053 -0.00281195 10.899 4500.42 5.084
15.4164 -0.00280913 11 4500.42 5.084
15.4278 -0.00281463 11.2 4500.42 5.084
15.439 -0.00282177 11.199 4500.42 5.084
15.45 -0.00281865 11.1 4500.42 5.084
15.4613 -0.00281299 11.2 4500.42 5.084
15.4725 -0.00281433 11.199 4500.42 5.084
15.4835 -0.00280719 11.1 4500.42 5.084
15.4948 -0.00281017 11.199 4500.42 5.084
15.506 -0.0028127 11.2 4500.42 5.084
15.5172 -0.00280392 11.2 4500.42 5.084
15.5282 -0.00280526 11.099 4500.42 5.084
15.5397 -0.0028034 11.3 4500.42 5.084
15.5506 -0.00280957 11.1 4500.42 5.084
15.5619 -0.00280719 11.2 4500.42 5.084
15.5731 -0.00279782 11.199 4500.42 5.084
15.5845 -0.00280169 11.3 4500.42 5.084
15.5956 -0.00280124 11.2 4500.42 5.084
15.6068 -0.00280734 11.199 4500.42 5.084
15.6176 -0.00280258 11 4500.42 5.084
15.6286 -0.00280466 10.999 4500.42 5.084
15.64 -0.00280541 11.2 4500.42 5.084
15.6512 -0.00280184 11.2 4500.42 5.084
15.6624 -0.00280407 11.199 4500.42 5.084
15.6736 -0.00280422 11.2 4500.42 5.084
15.6848 -0.00280764 11.2 4500.42 5.084
15.696 -0.00281046 11.199 4500.42 5.084
15.707 -0.00280898 11.1 4500.42 5.084
15.7183 -0.00281032 11.2 4500.42 5.084
15.7293 -0.00280808 11.099 4500.42 5.084
15.7406 -0.00280965 11.2 4500.42 5.084
15.7516 -0.00280689 11.1 4500.42 5.084
15.7627 -0.00280303 11.099 4500.42 5.084
15.7736 -0.00280838 11 4500.42 5.084
15.7848 -0.00280154 11.099 4500.42 5.084
15.7961 -0.00280377 11.2 4500.42 5.084
15.8071 -0.00280109 11.099 4500.42 5.084
15.8184 -0.00279901 11.2 4500.42 5.084
15.8294 -0.00279961 11.1 4500.42 5.084
15.8407 -0.00280094 11.199 4500.42 5.084
15.8519 -0.0028002 11.2 4500.42 5.084
15.8629 -0.00280377 11.1 4500.42 5.084
15.8738 -0.00280094 10.999 4500.42 5.084
15.8852 -0.00280437 11.2 4500.42 5.084
15.896 -0.00280258 10.999 4500.42 5.084
15.9076 -0.00279068 11.3 4500.42 5.084
15.9187 -0.0028066 11.2 4500.42 5.084
15.9299 -0.00279909 11.199 4500.42 5.084
15.9411 -0.00279693 11.2 4500.42 5.084
15.9523 -0.00280169 11.2 4500.42 5.084
15.9635 -0.00280065 11.199 4500.42 5.084
15.9745 -0.0027999 11.1 4500.42 5.084
15.9856 -0.00280094 11.1 4500.42 5.084
15.9967 -0.00280094 11.099 4500.42 5.084
16.0076 -0.00280377 11 4500.42 5.084
16.019 -0.0028005 11.199 4500.42 5.084
16.0302 -0.00280771 11.199 4500.42 5.084
16.0412 -0.00280689 11.1 4500.42 5.084
16.0523 -0.00280451 11.099 4500.42 5.084
16.063 -0.00280035 10.899 4500.42 5.084
16.0743 -0.00280273 11.099 4500.42 5.084
16.0856 -0.00279856 11.2 4500.42 5.084
16.0966 -0.00280005 11.099 4500.42 5.084
16.1079 -0.0028063 11.199 4500.42 5.084
16.1189 -0.002806 11.1 4500.42 5.084
16.13 -0.00279693 11.099 4500.42 5.084
16.1413 -0.00279291 11.199 4500.42 5.084
16.1521 -0.00279633 11 4500.42 5.084
16.1635 -0.00279901 11.199 4500.42 5.084
16.1747 -0.00279886 11.199 4500.42 5.084
16.1859 -0.00280005 11.2 4500.42 5.084
16.1973 -0.00279916 11.299 4500.42 5.084
16.2084 -0.00280124 11.199 4500.42 5.084
16.2196 -0.00279529 11.2 4500.42 5.084
16.2306 -0.00280161 11.099 4500.42 5.084
16.2419 -0.00280213 11.199 4500.42 5.084
16.2531 -0.00279663 11.2 4500.42 5.084
16.2639 -0.00280318 10.999 4500.42 5.084
16.2751 -0.0028008 11.099 4500.42 5.084
16.286 -0.00279916 10.999 4500.42 5.084
16.2974 -0.00280362 11.2 4500.42 5.084
16.3084 -0.00280273 11.099 4500.42 5.076
16.3197 -0.00280191 11.199 4500.42 5.076
16.3309 -0.00280065 11.2 4500.42 5.076
16.3421 -0.00279916 11.199 4500.42 5.076
16.3533 -0.00279827 11.199 4500.42 5.076
16.3637 -0.00279306 10.8 4500.42 5.076
16.3751 -0.00279663 11.099 4500.42 5.076
16.3862 -0.00280213 11.099 4500.42 5.076
16.3975 -0.00279187 11.199 4500.42 5.076
16.4085 -0.00279202 11.1 4500.42 5.076
16.4198 -0.0027973 11.199 4500.42 5.076
16.4308 -0.00278919 11.099 4500.42 5.076
16.4421 -0.00279544 11.2 4500.42 5.076
16.4527 -0.00280184 10.899 4500.42 5.076
16.464 -0.00280556 11.099 4500.42 5.076
16.4753 -0.0027947 11.199 4500.42 5.076
16.4861 -0.00279782 11 4500.42 5.076
16.4977 -0.00279276 11.299 4500.42 5.076
16.509 -0.00279217 11.299 4500.42 5.076
16.5199 -0.00279648 11.1 4500.42 5.076
16.531 -0.00279529 11.099 4500.42 5.076
16.5421 -0.0027999 11.099 4500.42 5.076
16.5534 -0.00279693 11.2 4500.42 5.076
16.5646 -0.00279217 11.199 4500.42 5.076
16.5756 -0.00279217 11.099 4500.42 5.076
16.5865 -0.00279276 11 4500.42 5.076
16.5977 -0.0027938 11.099 4500.42 5.076
16.609 -0.0027941 11.199 4500.42 5.076
16.62 -0.00279232 11.099 4500.42 5.076
16.6309 -0.00279031 11 4500.42 5.076
16.6419 -0.00279023 10.999 4500.42 5.076
16.6535 -0.00279306 11.299 4500.42 5.076
16.6646 -0.00279544 11.2 4500.42 5.076
16.6758 -0.00279499 11.199 4500.42 5.076
16.687 -0.00279113 11.199 4500.42 5.076
16.6982 -0.0027883 11.2 4500.42 5.076
16.7094 -0.00279433 11.199 4500.42 5.076
16.7206 -0.0027944 11.199 4500.42 5.076
16.7312 -0.00279321 10.9 4500.42 5.076
16.7427 -0.00278785 11.199 4500.42 5.076
16.7539 -0.00278979 11.199 4500.42 5.076
16.7647 -0.00280154 10.999 4500.42 5.076
16.7757 -0.00278696 11 4500.42 5.076
16.7871 -0.00278458 11.199 4500.42 5.076
16.7981 -0.00278547 11.099 4500.42 5.076
16.8094 -0.00278666 11.2 4500.42 5.076
16.8206 -0.00278428 11.199 4500.42 5.076
16.8316 -0.00278265 11.099 4500.42 5.076
16.8427 -0.00278488 11.1 4500.42 5.076
16.8538 -0.00278414 11.099 4500.42 5.076
16.8651 -0.00278428 11.199 4500.42 5.076
16.8763 -0.0027825 11.2 4500.42 5.076
16.8875 -0.0027819 11.199 4500.42 5.076
16.8983 -0.00278785 10.999 4500.42 5.076
16.9095 -0.00278875 11.099 4500.42 5.076
16.9208 -0.00278845 11.2 4500.42 5.076
16.932 -0.00278488 11.199 4500.42 5.076
16.9432 -0.00278845 11.199 4500.42 5.076
16.9546 -0.00277982 11.3 4500.42 5.076
16.9653 -0.00278696 10.999 4500.42 5.076
16.9765 -0.00278607 11.099 4500.42 5.076
16.9876 -0.00279068 11.1 4500.42 5.076
16.9989 -0.0027947 11.199 4500.42 5.076
17.0099 -0.00278838 11.099 4500.42 5.076
17.021 -0.00277997 11.099 4500.42 5.076
17.0323 -0.00278919 11.2 4500.42 5.076
17.0433 -0.00278518 11.099 4500.42 5.076
17.0544 -0.00278845 11.099 4500.42 5.076
17.0653 -0.00278785 11 4500.42 5.076
17.0767 -0.00278845 11.199 4500.42 5.076
17.0877 -0.00278741 11.099 4500.42 5.076
17.0988 -0.00277819 11.1 4500.42 5.076
17.1099 -0.00278302 11.099 4500.42 5.076
17.121 -0.00278086 11.099 4500.42 5.076
17.1323 -0.00277298 11.199 4500.42 5.076
17.1433 -0.00278384 11.1 4500.42 5.076
17.1546 -0.00277967 11.199 4500.42 5.076
17.1656 -0.00278934 11.099 4500.42 5.076
17.1769 -0.00278428 11.2 4500.42 5.076
17.1877 -0.00278949 10.999 4500.42 5.076
17.1989 -0.00277863 11.099 4500.42 5.076
17.2098 -0.00278324 10.999 4500.42 5.076
17.2208 -0.00278711 11 4500.42 5.076
17.2324 -0.00277685 11.299 4500.42 5.076
17.2433 -0.0027828 11.099 4500.42 5.076
17.2544 -0.0027767 11.1 4500.42 5.076
17.2657 -0.00278339 11.199 4500.42 5.076
17.2769 -0.00278146 11.199 4500.42 5.076
17.2879 -0.0027828 11.1 4500.42 5.076
17.299 -0.00277848 11.099 4500.42 5.077
17.3099 -0.00278086 10.999 4500.42 5.077
17.3213 -0.00278741 11.199 4500.42 5.077
17.3323 -0.00277491 11.1 4500.42 5.077
17.3432 -0.00277343 10.999 4500.42 5.077
17.3542 -0.00277967 10.999 4500.42 5.077
17.3654 -0.00278235 11.099 4500.42 5.077
17.3767 -0.00277967 11.2 4500.42 5.077
17.3879 -0.00278146 11.199 4500.42 5.077
17.3991 -0.00278086 11.199 4500.42 5.077
17.4101 -0.00277997 11.1 4500.42 5.077
17.4216 -0.00277462 11.299 4500.42 5.077
17.4321 -0.00278324 10.899 4500.42 5.077
17.4434 -0.0027767 11.1 4500.42 5.077
17.4547 -0.00277863 11.199 4500.42 5.077
17.4655 -0.00277982 10.999 4500.42 5.077
17.4769 -0.00277714 11.199 4500.42 5.077
17.4881 -0.00278161 11.2 4500.42 5.077
17.4993 -0.00278324 11.199 4500.42 5.077
17.5103 -0.00278064 11.099 4500.42 5.077
17.5216 -0.00277566 11.2 4500.42 5.077
17.5328 -0.00277566 11.199 4500.42 5.077
17.5438 -0.00277923 11.099 4500.42 5.077
17.5551 -0.00278443 11.2 4500.42 5.077
17.5657 -0.00278205 10.899 4500.42 5.077
17.577 -0.00278265 11.099 4500.42 5.077
17.5883 -0.00278176 11.2 4500.42 5.077
17.5995 -0.00278027 11.199 4500.42 5.077
17.6103 -0.00278317 10.999 4500.42 5.077
17.6215 -0.00277863 11.099 4500.42 5.077
17.6328 -0.00277967 11.2 4500.42 5.077
17.6438 -0.00278101 11.099 4500.42 5.077
17.6549 -0.00277997 11.099 4500.42 5.077
17.6662 -0.00278146 11.2 4500.42 5.077
17.6774 -0.00277982 11.199 4500.42 5.077
17.6886 -0.00278369 11.199 4500.42 5.077
17.6996 -0.00277729 11.1 4500.42 5.077
17.7105 -0.00277833 10.999 4500.42 5.077
17.7215 -0.00277878 10.999 4500.42 5.077
17.7329 -0.00277982 11.199 4500.42 5.077
17.7439 -0.00277655 11.1 4500.42 5.077
17.7552 -0.00278295 11.199 4500.42 5.077
17.7664 -0.0027767 11.199 4500.42 5.077
17.7776 -0.00277372 11.2 4500.42 5.077
17.7856 -0.00277372 9.599 4500.42 5.077
17.798 -0.00277224 10.999 4500.42 5.077
17.8088 -0.00276896 10.899 4500.42 5.077
17.8203 -0.00277506 11.2 4500.42 5.077
17.8315 -0.00277863 11.199 4500.42 5.077
17.8427 -0.0027706 11.199 4500.42 5.077
17.8539 -0.00277268 11.2 4500.42 5.077
17.8649 -0.0027706 11.099 4500.42 5.077
17.8762 -0.00277476 11.199 4500.42 5.077
17.8872 -0.00277908 11.1 4500.42 5.077
17.8985 -0.00277566 11.199 4500.42 5.077
17.9097 -0.00277595 11.199 4500.42 5.077
17.9201 -0.00277209 10.8 4500.42 5.077
17.9317 -0.00277566 11.199 4500.42 5.077
17.9429 -0.0027825 11.199 4500.42 5.077
17.9539 -0.00277521 11.099 4500.42 5.077
17.9652 -0.00277119 11.2 4500.42 5.077
17.9766 -0.00277238 11.299 4500.42 5.077
17.9877 -0.00277848 11.2 4500.42 5.077
17.9989 -0.00278027 11.199 4500.42 5.077
18.0101 -0.0027819 11.199 4500.42 5.077
18.0213 -0.00277655 11.2 4500.42 5.077
18.0323 -0.00278414 11.099 4500.42 5.077
18.0434 -0.00277982 11.099 4500.42 5.077
18.0547 -0.00277819 11.2 4500.42 5.077
18.0659 -0.00277551 11.199 4500.42 5.077
18.0771 -0.00277848 11.199 4500.42 5.077
18.0883 -0.00277551 11.2 4500.42 5.077
18.0993 -0.00278176 11.099 4500.42 5.077
18.1106 -0.00277625 11.199 4500.42 5.077
18.1218 -0.00276807 11.2 4500.42 5.077
18.133 -0.00277923 11.199 4500.42 5.077
18.144 -0.00277119 11.099 4500.42 5.077
18.1553 -0.00278146 11.2 4500.42 5.077
18.1665 -0.00276926 11.199 4500.42 5.077
18.1777 -0.00277982 11.199 4500.42 5.077
18.1883 -0.00277372 10.899 4500.42 5.077
18.1996 -0.00277521 11.1 4500.42 5.077
18.2109 -0.00277201 11.199 4500.42 5.077
18.2219 -0.00276762 11.099 4500.42 5.077
18.2334 -0.00277343 11.3 4500.42 5.077
18.2443 -0.00277313 11.099 4500.42 5.077
18.2556 -0.00276956 11.199 4500.42 5.077
18.2668 -0.00277387 11.2 4500.42 5.077
18.2778 -0.00278176 11.099 4500.42 5.077
18.2891 -0.00277938 11.199 4500.42 5.077
18.3003 -0.0027741 11.2 4500.42 5.077
18.3111 -0.00277566 10.999 4500.42 5.077
18.3219 -0.00277372 10.899 4500.42 5.077
18.3334 -0.00277536 11.199 4500.42 5.077
18.3446 -0.00277268 11.2 4500.42 5.077
18.3558 -0.00277833 11.199 4500.42 5.077
18.3666 -0.002777 10.999 4500.42 5.077
18.378 -0.00277536 11.2 4500.42 5.077
18.3888 -0.00276733 10.999 4500.42 5.077
18.4004 -0.00277744 11.299 4500.42 5.077
18.4113 -0.00277417 11.1 4500.42 5.077
18.4224 -0.00277759 11.099 4500.42 5.077
18.4335 -0.00277833 11.099 4500.42 5.077
18.4446 -0.00277283 11.099 4500.42 5.077
18.4559 -0.0027709 11.2 4500.42 5.077
18.4669 -0.00277209 11.099 4500.42 5.077
18.478 -0.00277075 11.099 4500.42 5.077
18.4893 -0.0027706 11.2 4500.42 5.077
18.5005 -0.00277298 11.199 4500.42 5.077
18.5117 -0.00276569 11.199 4500.42 5.077
18.5227 -0.00276346 11.1 4500.42 5.077
18.5338 -0.00277105 11.099 4500.42 5.077
18.5451 -0.00276941 11.199 4500.42 5.077
18.5561 -0.00277417 11.1 4500.42 5.077
18.5674 -0.00277581 11.199 4500.42 5.077
18.5786 -0.0027703 11.199 4500.42 5.077
18.5896 -0.00277462 11.099 4500.42 5.077
18.6009 -0.00277402 11.2 4500.42 5.077
18.6121 -0.00276971 11.199 4500.42 5.077
18.6229 -0.00277581 10.999 4500.42 5.077
18.6341 -0.00277253 11.1 4500.42 5.077
18.6454 -0.0027767 11.199 4500.42 5.077
18.6564 -0.00276629 11.099 4500.42 5.077
18.6675 -0.0027761 11.1 4500.42 5.077
18.6788 -0.00276777 11.199 4500.42 5.077
18.69 -0.0027674 11.199 4500.42 5.077
18.7012 -0.00277625 11.2 4500.42 5.077
18.712 -0.00277476 10.999 4500.42 5.077
18.7232 -0.00277744 11.099 4500.42 5.077
18.7345 -0.00276569 11.199 4500.42 5.077
18.7451 -0.0027642 10.9 4500.42 5.077
18.756 -0.00276614 10.899 4500.42 5.077
18.7679 -0.00276822 11.399 4500.42 5.077
18.7785 -0.0027645 10.999 4500.42 5.077
18.7897 -0.0027738 11.1 4500.42 5.077
18.8002 -0.00276911 10.799 4500.42 5.069
18.8114 -0.00277209 10.999 4500.42 5.069
18.8224 -0.00277119 10.999 4500.42 5.069
18.8336 -0.00277209 11.1 4500.42 5.069
18.8447 -0.00277268 11.099 4500.42 5.069
18.8552 -0.00277343 10.799 4500.42 5.069
18.8666 -0.0027709 11.099 4500.42 5.069
18.8777 -0.00277313 11.099 4500.42 5.069
18.889 -0.00277 11.2 4500.42 5.069
18.9002 -0.00276703 11.199 4500.42 5.069
18.9112 -0.00276956 11.099 4500.42 5.069
18.9225 -0.00276807 11.2 4500.42 5.069
18.9335 -0.00276435 11.099 4500.42 5.069
18.9448 -0.00276941 11.199 4500.42 5.069
18.9528 -0.00276837 9.6 4500.42 5.069
18.9652 -0.00277149 10.999 4500.42 5.069
18.9766 -0.00276926 11.199 4500.42 5.069
18.987 -0.00276301 10.799 4500.42 5.069
18.9984 -0.00276138 11.1 4500.42 5.069
19.0093 -0.00276078 10.999 4500.42 5.069
19.0205 -0.00276257 11.099 4500.42 5.069
19.0318 -0.00276301 11.2 4500.42 5.069
19.043 -0.0027648 11.199 4500.42 5.069
19.0542 -0.00276911 11.199 4500.42 5.069
19.065 -0.00276837 10.999 4500.42 5.069
19.076 -0.00276167 11 4500.42 5.069
19.0872 -0.00275691 11.099 4500.42 5.069
19.0983 -0.00275944 11.099 4500.42 5.069
19.1092 -0.00276034 10.999 4500.42 5.069
19.1204 -0.00275706 11.1 4500.42 5.069
19.1317 -0.00276227 11.199 4500.42 5.069
19.1425 -0.00276762 10.999 4500.42 5.069
19.1533 -0.00276286 10.899 4500.42 5.069
19.1648 -0.00275915 11.2 4500.42 5.069
19.176 -0.00276495 11.199 4500.42 5.069
19.187 -0.00276212 11.099 4500.42 5.069
19.1981 -0.00276629 11.1 4500.42 5.069
19.2092 -0.00276777 11.099 4500.42 5.069
19.2205 -0.00276123 11.199 4500.42 5.069
19.2317 -0.00276495 11.2 4500.42 5.069
19.2425 -0.00277476 10.999 4500.42 5.069
19.2535 -0.0027648 10.999 4500.42 5.069
19.2647 -0.00276405 11.099 4500.42 5.069
19.2756 -0.00275587 11 4500.42 5.069
19.287 -0.00276182 11.199 4500.42 5.069
19.298 -0.00277134 11.099 4500.42 5.069
19.3117 -0.00276815 12.399 4500.42 5.069
19.3217 -0.00276762 11.2 4500.42 5.069
19.3327 -0.00276718 11.099 4500.42 5.069
19.344 -0.00276004 11.199 4500.42 5.069
19.3552 -0.00276762 11.2 4500.42 5.069
19.3662 -0.00276584 11.099 4500.42 5.069
19.3775 -0.00276822 11.199 4500.42 5.069
19.3887 -0.00276614 11.2 4500.42 5.069
19.3995 -0.00277105 10.999 4500.42 5.069
19.4107 -0.00276643 11.099 4500.42 5.069
19.422 -0.00276986 11.199 4500.42 5.069
19.433 -0.00276867 11.1 4500.42 5.069
19.4441 -0.00276212 11.099 4500.42 5.069
19.4552 -0.0027651 11.099 4500.42 5.069
19.4665 -0.00276019 11.2 4500.42 5.069
19.4777 -0.00276837 11.199 4500.42 5.069
19.4889 -0.00276986 11.199 4500.42 5.069
19.5001 -0.00276696 11.2 4500.42 5.069
19.5111 -0.0027651 11.099 4500.42 5.069
19.5224 -0.00276405 11.199 4500.42 5.069
19.533 -0.00276777 10.899 4500.42 5.069
19.5443 -0.00277119 11.1 4500.42 5.069
19.5556 -0.00276688 11.199 4500.42 5.069
19.5668 -0.00276554 11.199 4500.42 5.069
19.578 -0.00276941 11.2 4500.42 5.069
19.589 -0.00276234 11.099 4500.42 5.069
19.6003 -0.00275721 11.199 4500.42 5.069
19.6115 -0.00276108 11.2 4500.42 5.069
19.6227 -0.00275766 11.199 4500.42 5.069
19.6335 -0.00276554 10.999 4500.42 5.069
19.6449 -0.00276703 11.2 4500.42 5.069
19.6561 -0.00276614 11.199 4500.42 5.069
19.6673 -0.00276688 11.199 4500.42 5.069
19.6785 -0.00276896 11.2 4500.42 5.069
19.6895 -0.00276286 11.099 4500.42 5.069
19.7008 -0.00276078 11.199 4500.42 5.069
19.712 -0.00276108 11.2 4500.42 5.069
19.7232 -0.00276242 11.199 4500.42 5.069
19.7342 -0.00276748 11.099 4500.42 5.069
19.7453 -0.00275706 11.1 4500.42 5.069
19.7566 -0.00276718 11.199 4500.42 5.069
19.7678 -0.0027761 11.199 4500.42 5.069
19.779 -0.00276688 11.2 4500.42 5.069
19.7902 -0.00276658 11.199 4500.42 5.069
19.8014 -0.00276733 11.199 4500.42 5.068
19.8126 -0.00276733 11.2 4500.42 5.068
19.8234 -0.00277105 10.999 4500.42 5.068
19.835 -0.00276034 11.299 4500.42 5.068
19.8461 -0.00276673 11.2 4500.42 5.068
19.8573 -0.00276227 11.199 4500.42 5.068
19.8683 -0.00276867 11.099 4500.42 5.068
19.8796 -0.00276658 11.2 4500.42 5.068
19.8906 -0.00277179 11.099 4500.42 5.068
19.9017 -0.00276465 11.099 4500.42 5.068
19.913 -0.00276792 11.2 4500.42 5.068
19.9238 -0.00276718 10.999 4500.42 5.068
19.935 -0.00276658 11.099 4500.42 5.068
19.9463 -0.00276658 11.199 4500.42 5.068
19.9605 -0.00276391 12.7 4500.42 5.068
19.9698 -0.00276324 10.999 4500.42 5.068
19.981 -0.00276777 11.099 4500.42 5.068
19.9921 -0.00276242 11.1 4500.42 5.068
20.0034 -0.00275691 11.199 4500.42 5.068
20.0144 -0.00276138 11.099 4500.42 5.068
20.0255 -0.00276331 11.099 4500.42 5.068
20.0368 -0.00276153 11.2 4500.42 5.068
20.0478 -0.0027651 11.099 4500.42 5.068
20.0587 -0.00276822 10.999 4500.42 5.068
20.0701 -0.00276413 11.2 4500.42 5.068
20.0813 -0.00276881 11.199 4500.42 5.068
20.0923 -0.00276554 11.099 4500.42 5.068
20.1036 -0.0027651 11.2 4500.42 5.068
20.115 -0.00276852 11.299 4500.42 5.068
20.1261 -0.00276405 11.199 4500.42 5.068
20.1373 -0.0027648 11.2 4500.42 5.068
20.1483 -0.00277105 11.099 4500.42 5.068
20.1596 -0.00276517 11.199 4500.42 5.068
20.1704 -0.00276495 11 4500.42 5.068
20.1816 -0.00276257 11.099 4500.42 5.068
20.1927 -0.00276599 11.099 4500.42 5.068
20.204 -0.00276941 11.199 4500.42 5.068
20.215 -0.00276748 11.1 4500.42 5.068
20.2261 -0.00275944 11.099 4500.42 5.068
20.2372 -0.00276286 11.099 4500.42 5.068
20.2485 -0.00276167 11.2 4500.42 5.068
20.2595 -0.00276368 11.099 4500.42 5.068
20.2708 -0.00276272 11.199 4500.42 5.068
20.282 -0.00276673 11.2 4500.42 5.068
20.293 -0.00276063 11.099 4500.42 5.068
20.3021 -0.00275632 10.1 4500.42 5.068
20.3132 -0.00276673 10.6 4500.42 5.068
20.325 -0.0027645 11.199 4500.42 5.068
20.336 -0.00276748 11.099 4500.42 5.068
20.3473 -0.00276167 11.199 4500.42 5.068
20.3585 -0.00276569 11.2 4500.42 5.068
20.3697 -0.00276941 11.199 4500.42 5.068
20.3807 -0.00276941 11.099 4500.42 5.068
20.392 -0.00276867 11.2 4500.42 5.068
20.4032 -0.0027648 11.199 4500.42 5.068
20.4144 -0.00276822 11.199 4500.42 5.068
20.4256 -0.00276658 11.2 4500.42 5.068
20.4368 -0.00277075 11.199 4500.42 5.068
20.4482 -0.00276911 11.3 4500.42 5.068
20.4591 -0.00276658 11.099 4500.42 5.068
20.4704 -0.0027651 11.199 4500.42 5.068
20.4814 -0.00277105 11.1 4500.42 5.068
20.4927 -0.002759 11.199 4500.42 5.068
20.5039 -0.00276361 11.199 4500.42 5.068
20.5149 -0.0027645 11.099 4500.42 5.068
20.5258 -0.00276524 11 4500.42 5.068
20.537 -0.00275989 11.099 4500.42 5.068
20.5483 -0.00276465 11.199 4500.42 5.068
20.5591 -0.00276629 11.01 4500.42 5.068
20.5705 -0.002759 11.189 4500.42 5.068
20.5817 -0.00275944 11.199 4500.42 5.068
20.5929 -0.00276242 11.2 4500.42 5.068
20.6035 -0.00276257 10.899 4500.42 5.068
20.6146 -0.00276584 10.999 4500.42 5.068
20.6256 -0.00276614 10.999 4500.42 5.068
20.637 -0.00277328 11.2 4500.42 5.068
20.6482 -0.00276629 11.199 4500.42 5.068
20.6594 -0.00277402 11.199 4500.42 5.068
20.6704 -0.00276725 11.1 4500.42 5.068
20.6817 -0.00276361 11.199 4500.42 5.068
20.6929 -0.00276539 11.199 4500.42 5.068
20.7039 -0.00277105 11.099 4500.42 5.068
20.7152 -0.00276405 11.2 4500.42 5.068
20.7262 -0.00276956 11.099 4500.42 5.068
20.7375 -0.0027645 11.199 4500.42 5.068
20.7485 -0.00277045 11.1 4500.42 5.068
20.7594 -0.00277172 10.999 4500.42 5.068
20.7708 -0.00277268 11.199 4500.42 5.068
20.7816 -0.00277833 11 4500.42 5.068
20.793 -0.00277224 11.199 4500.42 5.068
20.8012 -0.00277 9.699 4500.42 5.068
20.8137 -0.00277283 11.1 4500.42 5.068
20.825 -0.00277744 11.199 4500.42 5.068
20.836 -0.00277432 11.099 4500.42 5.068
20.8471 -0.00276911 11.099 4500.42 5.068
20.8582 -0.00276911 11.1 4500.42 5.068
20.8691 -0.00276911 10.999 4500.42 5.068
20.8803 -0.00276629 11.099 4500.42 5.068
20.8912 -0.00277105 10.999 4500.42 5.068
20.9026 -0.00277536 11.2 4500.42 5.068
20.9136 -0.00277209 11.099 4500.42 5.068
20.9247 -0.00277 11.099 4500.42 5.068
20.9358 -0.00277209 11.1 4500.42 5.068
20.9469 -0.00277476 11.099 4500.42 5.068
20.9578 -0.00277506 10.999 4500.42 5.068
20.969 -0.00277878 11.099 4500.42 5.068
20.9799 -0.00277655 11 4500.42 5.068
20.9913 -0.00277521 11.199 4500.42 5.068
21.0023 -0.00277343 11.099 4500.42 5.068
21.0136 -0.00277387 11.2 4500.42 5.068
21.0246 -0.00277908 11.099 4500.42 5.068
21.0357 -0.0027706 11.099 4500.42 5.068
21.047 -0.00277 11.199 4500.42 5.068
21.0576 -0.00276495 10.9 4500.42 5.068
21.0687 -0.0027706 10.999 4500.42 5.068
21.0801 -0.00277514 11.199 4500.42 5.068
21.0907 -0.00277194 10.899 4500.42 5.068
21.1022 -0.00277848 11.2 4500.42 5.068
21.1134 -0.00277714 11.199 4500.42 5.068
21.1248 -0.00277372 11.299 4500.42 5.068
21.1359 -0.00277268 11.2 4500.42 5.068
21.1471 -0.00276331 11.199 4500.42 5.068
21.1583 -0.00277521 11.199 4500.42 5.068
21.1695 -0.00277105 11.2 4500.42 5.068
21.1807 -0.00277722 11.199 4500.42 5.068
21.1919 -0.00277506 11.2 4500.42 5.068
21.2031 -0.00277833 11.199 4500.42 5.068
21.2143 -0.0027709 11.199 4500.42 5.068
21.2255 -0.0027767 11.2 4500.42 5.068
21.2367 -0.00278086 11.199 4500.42 5.068
21.2479 -0.00277238 11.199 4500.42 5.068
21.2591 -0.00276554 11.2 4500.42 5.068
21.2701 -0.00277149 11.099 4500.42 5.068
21.2814 -0.00277343 11.199 4500.42 5.068
21.2926 -0.00277566 11.2 4500.42 5.068
21.3012 -0.00276926 9.899 4500.42 5.072
21.3163 -0.00276167 12.499 4500.42 5.072
21.3262 -0.00276629 11.2 4500.42 5.072
21.3374 -0.00276167 11.199 4500.42 5.072
21.3484 -0.00277075 11.099 4500.42 5.072
21.3597 -0.00277298 11.2 4500.42 5.072
21.3705 -0.00276941 10.999 4500.42 5.072
21.3819 -0.00277283 11.199 4500.42 5.072
21.3929 -0.00276733 11.099 4500.42 5.072
21.404 -0.00277328 11.1 4500.42 5.072
21.4153 -0.00277521 11.199 4500.42 5.072
21.4263 -0.00277283 11.099 4500.42 5.072
21.4376 -0.00277268 11.2 4500.42 5.072
21.4486 -0.00277357 11.099 4500.42 5.072
21.4597 -0.00276889 11.099 4500.42 5.072
21.471 -0.00277462 11.2 4500.42 5.072
21.482 -0.00276971 11.099 4500.42 5.072
21.4931 -0.00276703 11.099 4500.42 5.072
21.5044 -0.00276272 11.2 4500.42 5.072
21.5154 -0.00276286 11.099 4500.42 5.072
21.5263 -0.00275944 10.999 4500.42 5.072
21.5375 -0.00276777 11.099 4500.42 5.072
21.5484 -0.00276688 11 4500.42 5.072
21.5596 -0.00276465 11.099 4500.42 5.072
21.5707 -0.00276346 11.099 4500.42 5.072
21.5822 -0.00276346 11.3 4500.42 5.072
21.5929 -0.0027648 10.999 4500.42 5.072
21.6041 -0.00275706 11.099 4500.42 5.072
21.6156 -0.00276748 11.299 4500.42 5.072
21.6267 -0.00276941 11.2 4500.42 5.072
21.6375 -0.00276495 10.999 4500.42 5.072
21.6489 -0.00275989 11.199 4500.42 5.072
21.6599 -0.00275781 11.1 4500.42 5.072
21.6708 -0.00275513 10.999 4500.42 5.072
21.6822 -0.00275989 11.199 4500.42 5.072
21.6932 -0.00276316 11.099 4500.42 5.072
21.7041 -0.00275617 11 4500.42 5.072
21.7155 -0.00275617 11.199 4500.42 5.072
21.7263 -0.00274918 10.999 4500.42 5.072
21.7377 -0.00274992 11.2 4500.42 5.072
21.7487 -0.00275528 11.099 4500.42 5.072
21.76 -0.00275387 11.199 4500.42 5.072
21.7712 -0.00276034 11.2 4500.42 5.072
21.7824 -0.00276301 11.199 4500.42 5.072
21.7936 -0.00275513 11.199 4500.42 5.072
21.8048 -0.00275453 11.2 4500.42 5.072
21.8156 -0.00274546 10.999 4500.42 5.072
21.8268 -0.00275602 11.099 4500.42 5.072
21.8379 -0.00275751 11.099 4500.42 5.072
21.8488 -0.0027526 11 4500.42 5.072
21.86 -0.00274613 11.099 4500.42 5.072
21.8713 -0.00274397 11.199 4500.42 5.072
21.8825 -0.00274933 11.2 4500.42 5.072
21.8939 -0.00274769 11.299 4500.42 5.072
21.9048 -0.00275394 11.099 4500.42 5.072
21.9161 -0.00275245 11.2 4500.42 5.072
21.9269 -0.00275617 10.999 4500.42 5.072
21.9381 -0.0027529 11.099 4500.42 5.072
21.9494 -0.00275796 11.199 4500.42 5.072
21.9606 -0.00274635 11.2 4500.42 5.072
21.9716 -0.00274963 11.099 4500.42 5.072
21.9825 -0.00275364 10.999 4500.42 5.072
21.9937 -0.00275617 11.1 4500.42 5.072
22.0048 -0.00275602 11.099 4500.42 5.072
22.0159 -0.00275364 11.099 4500.42 5.072
22.027 -0.00275572 11.099 4500.42 5.072
22.0383 -0.00275781 11.2 4500.42 5.072
22.0493 -0.00275498 11.099 4500.42 5.072
22.0604 -0.00274933 11.099 4500.42 5.072
22.0715 -0.00275885 11.1 4500.42 5.072
22.0826 -0.00275111 11.099 4500.42 5.072
22.0939 -0.00275468 11.199 4500.42 5.072
22.1051 -0.00275766 11.2 4500.42 5.072
22.1163 -0.00275825 11.199 4500.42 5.072
22.1273 -0.00276004 11.099 4500.42 5.072
22.1384 -0.00276301 11.1 4500.42 5.072
22.1495 -0.00276071 11.099 4500.42 5.072
22.1606 -0.00275513 11.099 4500.42 5.072
22.1717 -0.00276048 11.099 4500.42 5.072
22.183 -0.00275498 11.2 4500.42 5.072
22.194 -0.00275275 11.099 4500.42 5.072
22.2051 -0.00275855 11.099 4500.42 5.072
22.2162 -0.00275915 11.1 4500.42 5.072
22.2275 -0.00275156 11.199 4500.42 5.072
22.2387 -0.00275572 11.199 4500.42 5.072
22.2495 -0.00275156 10.999 4500.42 5.072
22.2609 -0.00275104 11.2 4500.42 5.072
22.2719 -0.00275647 11.099 4500.42 5.072
22.2832 -0.00275453 11.199 4500.42 5.072
22.2942 -0.00275275 11.1 4500.42 5.072
22.3053 -0.00274442 11.099 4500.42 5.069
22.3166 -0.00274234 11.199 4500.42 5.069
22.3276 -0.0027413 11.1 4500.42 5.069
22.3387 -0.00274576 11.099 4500.42 5.069
22.3496 -0.00274144 10.999 4500.42 5.069
22.361 -0.00273639 11.199 4500.42 5.069
22.372 -0.00274055 11.1 4500.42 5.069
22.3831 -0.00273668 11.099 4500.42 5.069
22.3942 -0.00273475 11.099 4500.42 5.069
22.4055 -0.00273401 11.2 4500.42 5.069
22.4165 -0.00273951 11.099 4500.42 5.069
22.4276 -0.00273654 11.099 4500.42 5.069
22.4389 -0.00274204 11.2 4500.42 5.069
22.4497 -0.00273973 10.999 4500.42 5.069
22.4611 -0.00273654 11.199 4500.42 5.069
22.4721 -0.00274115 11.099 4500.42 5.069
22.4834 -0.00273787 11.2 4500.42 5.069
22.4946 -0.00273951 11.199 4500.42 5.069
22.5058 -0.00274695 11.199 4500.42 5.069
22.517 -0.00275082 11.2 4500.42 5.069
22.5282 -0.002741 11.199 4500.42 5.069
22.5392 -0.00274003 11.099 4500.42 5.069
22.5505 -0.00275126 11.2 4500.42 5.069
22.5615 -0.00275766 11.099 4500.42 5.069
22.5724 -0.00275215 10.999 4500.42 5.069
22.5836 -0.0027468 11.1 4500.42 5.069
22.5949 -0.00275215 11.199 4500.42 5.069
22.6061 -0.00275662 11.199 4500.42 5.069
22.6173 -0.00275394 11.2 4500.42 5.069
22.6283 -0.00275974 11.099 4500.42 5.069
22.6394 -0.00275751 11.099 4500.42 5.069
22.6505 -0.00275543 11.099 4500.42 5.069
22.6618 -0.00275498 11.2 4500.42 5.069
22.673 -0.00275334 11.199 4500.42 5.069
22.6842 -0.00275409 11.199 4500.42 5.069
22.6954 -0.00275096 11.2 4500.42 5.069
22.7066 -0.00275632 11.199 4500.42 5.069
22.7172 -0.00275439 10.899 4500.42 5.069
22.7285 -0.00276272 11.1 4500.42 5.069
22.7394 -0.0027584 10.999 4500.42 5.069
22.7504 -0.00275796 10.999 4500.42 5.069
22.7618 -0.00275364 11.199 4500.42 5.069
22.773 -0.00275781 11.2 4500.42 5.069
22.784 -0.00275364 11.099 4500.42 5.069
22.7953 -0.0027581 11.199 4500.42 5.069
22.8063 -0.00275766 11.1 4500.42 5.069
22.8176 -0.00275245 11.199 4500.42 5.069
22.8284 -0.00275528 10.999 4500.42 5.069
22.8398 -0.00275156 11.2 4500.42 5.069
22.851 -0.00275126 11.199 4500.42 5.069
22.8618 -0.00275647 10.999 4500.42 5.069
22.8732 -0.00275915 11.199 4500.42 5.069
22.8838 -0.00276182 10.9 4500.42 5.069
22.8953 -0.00276391 11.199 4500.42 5.069
22.9065 -0.00276405 11.199 4500.42 5.069
22.9179 -0.00275751 11.3 4500.42 5.069
22.9286 -0.00275647 10.999 4500.42 5.069
22.94 -0.00276405 11.199 4500.42 5.069
22.9514 -0.00276286 11.3 4500.42 5.069
22.9623 -0.00276465 11.099 4500.42 5.069
22.9736 -0.00276361 11.199 4500.42 5.069
22.9848 -0.0027587 11.2 4500.42 5.069
22.9958 -0.00276539 11.099 4500.42 5.069
23.0073 -0.00275959 11.299 4500.42 5.069
23.0182 -0.00275944 11.1 4500.42 5.069
23.0293 -0.00276078 11.099 4500.42 5.069
23.0406 -0.00275781 11.199 4500.42 5.069
23.0518 -0.00276078 11.2 4500.42 5.069
23.063 -0.00275706 11.199 4500.42 5.069
23.0742 -0.00276123 11.199 4500.42 5.069
23.0852 -0.00276242 11.1 4500.42 5.069
23.0963 -0.0027584 11.099 4500.42 5.069
23.1074 -0.00276123 11.099 4500.42 5.069
23.1185 -0.00275483 11.099 4500.42 5.069
23.1298 -0.00276086 11.2 4500.42 5.069
23.141 -0.00275498 11.199 4500.42 5.069
23.1522 -0.00276093 11.199 4500.42 5.069
23.1634 -0.00276153 11.2 4500.42 5.069
23.1744 -0.00276316 11.099 4500.42 5.069
23.1859 -0.00276629 11.3 4500.42 5.069
23.1968 -0.00276391 11.099 4500.42 5.069
23.2077 -0.00276153 10.999 4500.42 5.069
23.2191 -0.00276643 11.199 4500.42 5.069
23.2303 -0.00276807 11.2 4500.42 5.069
23.2413 -0.00275915 11.099 4500.42 5.069
23.2526 -0.0027648 11.199 4500.42 5.069
23.2636 -0.00276435 11.1 4500.42 5.069
23.2747 -0.00275751 11.099 4500.42 5.069
23.2858 -0.00276272 11.099 4500.42 5.069
23.2971 -0.00276405 11.2 4500.42 5.069
23.3083 -0.00276286 11.199 4500.42 5.062
23.3195 -0.00276502 11.199 4500.42 5.062
23.3305 -0.00276465 11.1 4500.42 5.062
23.3418 -0.00276718 11.199 4500.42 5.062
23.3528 -0.00276391 11.099 4500.42 5.062
23.3641 -0.00276361 11.2 4500.42 5.062
23.3749 -0.00277015 10.999 4500.42 5.062
23.3861 -0.0027703 11.099 4500.42 5.062
23.3972 -0.0027709 11.099 4500.42 5.062
23.4085 -0.00276896 11.2 4500.42 5.062
23.4197 -0.00276956 11.199 4500.42 5.062
23.4309 -0.00276048 11.199 4500.42 5.062
23.4421 -0.00276837 11.2 4500.42 5.062
23.4527 -0.00276777 10.899 4500.42 5.062
23.464 -0.00277357 11.099 4500.42 5.062
23.4751 -0.00277372 11.099 4500.42 5.062
23.4862 -0.00277238 11.1 4500.42 5.062
23.4973 -0.00277729 11.099 4500.42 5.062
