Время (мс),Сигнал (В) 
1187266 -0.0302332
1187276 -0.0316726
1187286 -0.0301403
1187296 -0.0317176
1187306 -0.0302682
1187316 -0.0316429
1187326 -0.0302439
1187336 -0.0316982
1187346 -0.0302952
1187356 -0.0316782
1187366 -0.0303088
1187376 -0.0316737
1187386 -0.0303543
1187396 -0.0316735
1187406 -0.030185
1187417 -0.0316551
1187431 -0.0303234
1187447 -0.0317602
1187468 -0.0303544
1187489 -0.0317014
1187513 -0.0302239
1187538 -0.0316738
1187564 -0.0303077
1187592 -0.0317232
1187619 -0.0302718
1187645 -0.0316088
1187669 -0.0302026
1187694 -0.0316469
1187720 -0.0302624
1187746 -0.0316652
1187775 -0.0301867
1187816 -0.0316616
1187864 -0.0302824
1187914 -0.0316355
1187968 -0.0302211
1188025 -0.0317741
1188082 -0.0302203
1188150 -0.0317647
1188222 -0.0303546
1188293 -0.031711
1188362 -0.0303159
1188420 -0.031728
1188448 -0.0302272
1188476 -0.0316806
1188503 -0.0302453
1188532 -0.031612
1188559 -0.0302588
1188586 -0.0316996
1188615 -0.0303093
1188643 -0.03169
1188681 -0.0302227
1188713 -0.0316548
1188741 -0.0303322
1188772 -0.0316704
1188809 -0.0301862
1188839 -0.0316549
1188869 -0.0303492
1188896 -0.0315984
1188923 -0.0302827
1188950 -0.0316109
1188981 -0.0302172
1189008 -0.0316241
1189037 -0.03018
1189066 -0.0317172
1189095 -0.0303294
1189128 -0.0317166
1189176 -0.0302577
1189222 -0.0317257
1189277 -0.0302802
1189333 -0.0317342
1189388 -0.0303246
1189444 -0.0316695
1189499 -0.0302968
1189544 -0.0316606
1189576 -0.0302475
1189606 -0.0316275
1189637 -0.0302912
1189667 -0.0316974
1189697 -0.0302087
1189729 -0.0317316
1189760 -0.0301914
1189790 -0.0316157
1189821 -0.0302766
1189854 -0.0316915
1189902 -0.030325
1189939 -0.0316758
1189983 -0.0302466
1190026 -0.031668
1190061 -0.0302674
1190090 -0.0316853
1190120 -0.0302364
1190149 -0.0316611
1190179 -0.0302716
1190208 -0.0317129
1190238 -0.0302844
1190268 -0.0317859
1190302 -0.0301773
1190332 -0.0317105
1190382 -0.0302209
1190429 -0.0316557
1190477 -0.0302388
1190525 -0.031712
1190572 -0.0302952
1190619 -0.0316573
1190653 -0.0302281
1190683 -0.0315891
1190712 -0.0302903
1190741 -0.0316488
1190770 -0.0303405
1190798 -0.0316528
1190827 -0.0302057
1190856 -0.0316371
1190886 -0.0302646
1190931 -0.0317417
1190976 -0.0303325
1191023 -0.0316842
1191068 -0.0302275
1191096 -0.031635
1191125 -0.0303153
1191153 -0.0317198
1191183 -0.0302872
1191213 -0.0316514
1191241 -0.030292
1191270 -0.0317095
1191298 -0.0302997
1191348 -0.0316161
1191379 -0.0302984
1191428 -0.0316752
1191475 -0.0302123
1191525 -0.0316883
1191576 -0.0303292
1191606 -0.0317952
1191654 -0.0303338
1191682 -0.0317124
1191727 -0.0303267
1191756 -0.0316963
1191784 -0.0302061
1191816 -0.0317007
1191845 -0.0302828
1191874 -0.031689
1191905 -0.0302574
1191936 -0.0316988
1191968 -0.0303505
1192016 -0.0316255
1192063 -0.0302559
1192109 -0.0317332
1192138 -0.0302851
1192167 -0.031705
1192198 -0.0303142
1192231 -0.0317007
1192260 -0.0303566
1192290 -0.0316435
1192321 -0.0302168
1192350 -0.0315439
1192379 -0.0302927
1192427 -0.0316817
1192476 -0.0302917
1192508 -0.031685
1192553 -0.030225
1192598 -0.0316592
1192643 -0.0302319
1192686 -0.0317929
1192717 -0.0303671
1192768 -0.0316962
1192797 -0.0302398
1192825 -0.0317396
1192854 -0.030316
1192886 -0.0316879
1192917 -0.0302321
1192947 -0.0316543
1192976 -0.0301918
1193007 -0.031688
1193052 -0.0302522
1193096 -0.0317021
1193143 -0.0302472
1193173 -0.0317615
1193201 -0.0303268
1193233 -0.0316198
1193264 -0.0302858
1193293 -0.0317161
1193323 -0.0303122
1193351 -0.0317396
1193381 -0.0301386
1193411 -0.0317087
1193458 -0.0302672
1193506 -0.031725
1193554 -0.0302426
1193583 -0.0316759
1193630 -0.0302486
1193675 -0.0316498
1193723 -0.030207
1193755 -0.031695
1193802 -0.0303289
1193832 -0.031768
1193861 -0.0303053
1193891 -0.0317511
1193921 -0.0302159
1193951 -0.0317019
1193982 -0.030249
1194013 -0.0316758
1194044 -0.0302424
1194091 -0.0316896
1194140 -0.0303579
1194188 -0.0316999
1194218 -0.0302463
1194249 -0.0316784
1194279 -0.0303215
1194310 -0.0316782
1194343 -0.0302293
1194373 -0.0316797
1194403 -0.0302862
1194433 -0.0316393
1194465 -0.0302276
1194497 -0.031604
1194545 -0.0302391
1194596 -0.0316462
1194627 -0.0304093
1194673 -0.0317379
1194720 -0.030274
1194771 -0.0317006
1194802 -0.0301613
1194849 -0.0317043
1194878 -0.0302957
1194911 -0.0316722
1194941 -0.030318
1194971 -0.0316789
1195002 -0.0302796
1195033 -0.0317374
1195063 -0.0303422
1195093 -0.0317005
1195122 -0.0301789
1195168 -0.03168
1195216 -0.0302457
1195263 -0.0316691
1195294 -0.0302619
1195325 -0.0316885
1195355 -0.03023
1195387 -0.0316645
1195418 -0.0302709
1195448 -0.0316652
1195478 -0.0302646
1195508 -0.0316616
1195538 -0.0302815
1195585 -0.0316316
1195633 -0.0302493
1195664 -0.0316105
1195710 -0.0302933
1195756 -0.0316968
1195801 -0.0302205
1195849 -0.0317322
1195895 -0.0303068
1195926 -0.0316705
1195958 -0.0303764
1195988 -0.0316383
1196019 -0.0302409
1196051 -0.0316608
1196081 -0.030273
1196112 -0.0315836
1196143 -0.0303126
1196174 -0.0316376
1196206 -0.0303086
1196255 -0.0317113
1196307 -0.0302719
1196339 -0.0316852
1196370 -0.030257
1196400 -0.0317026
1196432 -0.0302628
1196466 -0.0315974
1196497 -0.030236
1196528 -0.0316043
1196559 -0.0302275
1196590 -0.0316884
1196620 -0.0302979
1196669 -0.0316452
1196700 -0.0302135
1196745 -0.0317275
1196794 -0.0303225
1196845 -0.0317085
1196894 -0.0303194
1196946 -0.0317306
1196976 -0.0302645
1197007 -0.031682
1197039 -0.0302609
1197070 -0.031621
1197102 -0.0303609
1197134 -0.0315642
1197165 -0.030198
1197198 -0.0316166
1197232 -0.030347
1197264 -0.0317596
1197295 -0.030291
1197340 -0.0316036
1197372 -0.0302797
1197400 -0.0317667
1197445 -0.0303053
1197476 -0.0317222
1197511 -0.0303352
1197541 -0.0316673
1197570 -0.0302903
1197599 -0.0317171
1197631 -0.0302897
1197660 -0.0316866
1197706 -0.0302542
1197735 -0.0317138
1197782 -0.0302034
1197828 -0.0316419
1197878 -0.030314
1197926 -0.0316833
1197971 -0.0302347
1198016 -0.0316844
1198047 -0.030208
1198077 -0.0317232
1198107 -0.0302941
1198138 -0.0316942
1198170 -0.0302128
1198200 -0.0316003
1198231 -0.0302031
1198276 -0.0316784
1198307 -0.0302168
1198339 -0.0316798
1198387 -0.0302367
1198419 -0.031653
1198452 -0.0302034
1198484 -0.0316618
1198517 -0.0302655
1198550 -0.0317037
1198585 -0.0302547
1198619 -0.0316841
1198653 -0.0303106
1198686 -0.0316689
1198719 -0.0303208
1198753 -0.0316502
1198789 -0.030282
1198827 -0.0316345
1198878 -0.0302396
1198928 -0.0316291
1198961 -0.0302309
1199009 -0.0316607
1199055 -0.030258
1199092 -0.0316803
1199131 -0.0303049
1199170 -0.0315941
1199204 -0.0302798
1199237 -0.0316842
1199269 -0.0302613
1199302 -0.0315611
1199337 -0.0302051
1199374 -0.0317066
1199409 -0.0303243
1199452 -0.0315949
1199484 -0.030282
1199515 -0.0316128
1199547 -0.0302548
1199583 -0.0316347
1199620 -0.0302181
1199650 -0.0316545
1199719 -0.0302682
1199751 -0.0316561
1199787 -0.0303261
1199817 -0.0316765
1199848 -0.0302514
1199880 -0.0316404
1199913 -0.0302835
1199944 -0.0316446
1199976 -0.0302204
1200008 -0.0316322
1200060 -0.0302594
1200092 -0.0316194
1200139 -0.0302572
1200171 -0.0316064
1200204 -0.0303372
1200254 -0.031646
1200289 -0.0302263
1200321 -0.0316858
1200353 -0.0303275
1200384 -0.0316007
1200417 -0.0303228
1200451 -0.0315839
1200503 -0.0302223
1200535 -0.0316712
1200570 -0.0302701
1200602 -0.0316438
1200636 -0.0303057
1200670 -0.0316413
1200704 -0.0302187
1200753 -0.0316153
1200786 -0.0303174
1200836 -0.0317648
1200870 -0.0302864
