Положение (мм) ,Сигнал усреднённый (В), Δ (мкм), Кол-во выборок сигнала АЦП:10 Энергия пучка: Ток пучка: 
24.7635 -0.00855661 -49.601 4500.42 4.152
24.7243 -0.00856903 -44.41 4500.42 4.152
24.6807 -0.00855267 -43.991 4500.42 4.152
24.6359 -0.00855758 -44.4 4500.42 4.152
24.5907 -0.00855327 -44.81 4500.42 4.152
24.5459 -0.00855654 -44.801 4500.42 4.152
24.5003 -0.00855907 -45.19 4500.42 4.152
24.4559 -0.00856234 -44.801 4500.42 4.152
24.4119 -0.0085613 -44.4 4500.42 4.152
24.3683 -0.00855594 -44.011 4500.42 4.152
24.3227 -0.00857112 -44.79 4500.42 4.152
24.2787 -0.00853988 -44.4 4500.42 4.152
24.2347 -0.0085671 -44.201 4500.42 4.152
24.1893 -0.00854598 -44.801 4500.42 4.152
24.1445 -0.00854181 -44.8 4500.42 4.152
24.0997 -0.00856636 -44.8 4500.42 4.152
24.0557 -0.00853943 -44.4 4500.42 4.152
24.0105 -0.00854583 -44.801 4500.42 4.152
23.9657 -0.0085488 -44.8 4500.42 4.152
23.9225 -0.00856301 -44.001 4500.42 4.152
23.8785 -0.00855014 -44.001 4500.42 4.152
23.8321 -0.0085491 -45.201 4500.42 4.152
23.7885 -0.00855044 -44.4 4500.42 4.152
23.7441 -0.00855922 -44.4 4500.42 4.152
23.6989 -0.00855743 -44.8 4500.42 4.152
23.6557 -0.00853006 -44.001 4500.42 4.152
23.6109 -0.00853289 -44.4 4500.42 4.152
23.5665 -0.00856338 -44.4 4500.42 4.152
23.5213 -0.00854144 -44.801 4500.42 4.152
23.4765 -0.00853824 -44.8 4500.42 4.152
23.4317 -0.00855624 -44.801 4500.42 4.152
23.3877 -0.00853527 -44.4 4500.42 4.152
23.3433 -0.00854999 -44.4 4500.42 4.152
23.2981 -0.00855059 -44.8 4500.42 4.152
23.2549 -0.00853006 -44.001 4500.42 4.152
23.2093 -0.00853824 -44.8 4500.42 4.152
23.1653 -0.00854285 -44.401 4500.42 4.152
23.1201 -0.00853981 -44.8 4500.42 4.152
23.0761 -0.00853215 -44.4 4500.42 4.152
23.0317 -0.00855014 -44.4 4500.42 4.152
22.9873 -0.00853572 -44.4 4500.42 4.152
22.9429 -0.00854747 -44.4 4500.42 4.15
22.8985 -0.00855208 -44.401 4500.42 4.15
22.8533 -0.00853958 -44.8 4500.42 4.15
22.8077 -0.00854107 -45.201 4500.42 4.15
22.7641 -0.00854999 -44.4 4500.42 4.15
22.7317 -0.00855505 -38.41 4500.42 4.15
22.6813 -0.0085378 -44.39 4500.42 4.15
22.6369 -0.00853653 -44.4 4500.42 4.15
22.5941 -0.00856918 -43.601 4500.42 4.15
22.5489 -0.00853973 -44.4 4500.42 4.15
22.5045 -0.0085259 -44.4 4500.42 4.15
22.4601 -0.00856368 -44.4 4500.42 4.15
22.4149 -0.00853973 -44.801 4500.42 4.15
22.3701 -0.00856442 -44.8 4500.42 4.15
22.3381 -0.00855684 -38.41 4500.42 4.15
22.2877 -0.00854657 -44.39 4500.42 4.15
22.2441 -0.00854657 -44.001 4500.42 4.15
22.1985 -0.00854449 -44.801 4500.42 4.15
22.1537 -0.00854397 -44.8 4500.42 4.15
22.1097 -0.00854315 -44.4 4500.42 4.15
22.0661 -0.00856041 -44.001 4500.42 4.15
22.0213 -0.00854657 -44.4 4500.42 4.15
21.9785 -0.00852739 -43.601 4500.42 4.15
21.9325 -0.00856353 -44.8 4500.42 4.15
21.8781 -0.00853557 -49.601 4500.42 4.15
21.8381 -0.00855104 -44.8 4500.42 4.15
21.7941 -0.00853839 -44.4 4500.42 4.15
21.7497 -0.00853914 -44.4 4500.42 4.15
21.7045 -0.00854271 -44.801 4500.42 4.15
21.6589 -0.00856859 -45.2 4500.42 4.15
21.6145 -0.00853705 -44.801 4500.42 4.15
21.5705 -0.00854598 -44.4 4500.42 4.15
21.5253 -0.00855133 -44.8 4500.42 4.15
21.4813 -0.00853958 -44.4 4500.42 4.15
21.4369 -0.00855252 -44.4 4500.42 4.15
21.3917 -0.00854196 -44.801 4500.42 4.15
21.3469 -0.00853824 -44.8 4500.42 4.15
21.3021 -0.00854635 -44.801 4500.42 4.15
21.2585 -0.00853616 -44.201 4500.42 4.15
21.2139 -0.0085433 -44.4 4500.42 4.15
21.1695 -0.00852679 -44.4 4500.42 4.15
21.1259 -0.00855639 -44.001 4500.42 4.15
21.0803 -0.00854211 -44.81 4500.42 4.15
21.0363 -0.00854836 -44.4 4500.42 4.15
20.9911 -0.00854598 -44.791 4500.42 4.15
20.9463 -0.00854419 -44.8 4500.42 4.15
20.9015 -0.00855066 -44.8 4500.42 4.15
20.8567 -0.00856115 -44.801 4500.42 4.15
20.8127 -0.00853423 -44.4 4500.42 4.15
20.7691 -0.00854345 -44.001 4500.42 4.15
20.7235 -0.00855074 -44.8 4500.42 4.15
20.6803 -0.00853081 -44.001 4500.42 4.15
20.6371 -0.00856859 -43.601 4500.42 4.15
20.5919 -0.00853557 -44.4 4500.42 4.15
20.5467 -0.00854166 -44.8 4500.42 4.15
20.5019 -0.00857379 -44.8 4500.42 4.15
20.4595 -0.00855104 -43.601 4500.42 4.15
20.4151 -0.00854925 -44.001 4500.42 4.15
20.3703 -0.00855356 -44.41 4500.42 4.15
20.3267 -0.00855624 -43.991 4500.42 4.15
20.2827 -0.0085378 -44.001 4500.42 4.15
20.2387 -0.00856383 -44.001 4500.42 4.15
20.1963 -0.00854657 -43.2 4500.42 4.15
20.1499 -0.00855342 -44.8 4500.42 4.15
20.1051 -0.00854509 -44.811 4500.42 4.15
20.0611 -0.00854702 -44.39 4500.42 4.15
20.0159 -0.00855379 -44.81 4500.42 4.15
19.9719 -0.00854077 -44.39 4500.42 4.15
19.9283 -0.00856502 -44.001 4500.42 4.15
19.8851 -0.00855148 -43.601 4500.42 4.15
19.8399 -0.00858525 -44.4 4500.42 4.15
19.7979 -0.00855416 -43.2 4500.42 4.15
19.7515 -0.00856383 -44.801 4500.42 4.15
19.7083 -0.00858168 -44.001 4500.42 4.15
19.6635 -0.00855892 -44.4 4500.42 4.15
19.6191 -0.00855475 -44.4 4500.42 4.15
19.5739 -0.00856814 -44.8 4500.42 4.15
19.5307 -0.00856918 -44.001 4500.42 4.15
19.4851 -0.00855223 -44.8 4500.42 4.15
19.4411 -0.00858123 -44.401 4500.42 4.15
19.3975 -0.00855029 -44 4500.42 4.15
19.3527 -0.00859045 -44.401 4500.42 4.15
19.3075 -0.00858391 -44.8 4500.42 4.15
19.2627 -0.00858079 -44.8 4500.42 4.15
19.2179 -0.00856308 -44.801 4500.42 4.15
19.1723 -0.00857796 -45.2 4500.42 4.15
19.1287 -0.00858183 -44.401 4500.42 4.15
19.0835 -0.00856963 -44.8 4500.42 4.15
19.0387 -0.00859031 -44.8 4500.42 4.15
18.9947 -0.00860682 -44.4 4500.42 4.15
18.9495 -0.00856502 -44.801 4500.42 4.15
18.9055 -0.00858525 -44.4 4500.42 4.146
18.8603 -0.0085845 -44.8 4500.42 4.146
18.8155 -0.00859224 -44.801 4500.42 4.146
18.7707 -0.00857469 -44.8 4500.42 4.146
18.7259 -0.00859849 -44.801 4500.42 4.146
18.6811 -0.00856621 -44.8 4500.42 4.146
18.6371 -0.00861425 -44.4 4500.42 4.146
18.5919 -0.00858867 -44.8 4500.42 4.146
18.5479 -0.00858956 -44.401 4500.42 4.146
18.5027 -0.0085912 -44.8 4500.42 4.146
18.4587 -0.00857037 -44.4 4500.42 4.146
18.4135 -0.00859269 -44.8 4500.42 4.146
18.3687 -0.00858807 -44.801 4500.42 4.146
18.3255 -0.00861559 -44.001 4500.42 4.146
18.2819 -0.00859417 -43.8 4500.42 4.146
18.2385 -0.00858153 -43.601 4500.42 4.146
18.1949 -0.00863805 -43.601 4500.42 4.146
18.1489 -0.00860719 -44.8 4500.42 4.146
18.1049 -0.00856279 -44.4 4500.42 4.146
18.0605 -0.00860607 -44.4 4500.42 4.146
18.0161 -0.00859283 -44.4 4500.42 4.146
17.9709 -0.00858227 -44.801 4500.42 4.146
17.9269 -0.00861619 -44.4 4500.42 4.146
17.8833 -0.008597 -44.001 4500.42 4.146
17.8377 -0.0086205 -44.8 4500.42 4.146
17.7937 -0.00860198 -44.4 4500.42 4.146
17.7485 -0.00861217 -44.801 4500.42 4.146
17.7029 -0.00860072 -45.2 4500.42 4.146
17.6585 -0.00860429 -44.801 4500.42 4.146
17.6161 -0.00859983 -43.6 4500.42 4.146
17.5701 -0.00859254 -44.801 4500.42 4.146
17.5253 -0.00861812 -44.8 4500.42 4.146
17.4805 -0.00860176 -44.801 4500.42 4.146
17.4357 -0.00858986 -44.8 4500.42 4.146
17.3909 -0.00860607 -44.8 4500.42 4.146
17.3461 -0.00860548 -44.801 4500.42 4.146
17.3013 -0.00861767 -44.8 4500.42 4.146
17.2581 -0.00859536 -44.001 4500.42 4.146
17.2133 -0.00861336 -44.4 4500.42 4.146
17.1689 -0.00859402 -44.4 4500.42 4.146
17.1245 -0.0086028 -44.4 4500.42 4.146
17.0801 -0.0086031 -44.4 4500.42 4.146
17.0365 -0.00860161 -44.001 4500.42 4.146
16.9917 -0.00859432 -44.4 4500.42 4.146
16.9481 -0.00861812 -44.001 4500.42 4.146
16.9121 -0.00860027 -40.001 4500.42 4.146
16.8553 -0.00861098 -48.4 4500.42 4.146
16.8141 -0.00862139 -44.801 4500.42 4.146
16.7709 -0.00858986 -44.001 4500.42 4.146
16.7277 -0.00862615 -43.6 4500.42 4.146
16.6817 -0.00861515 -44.801 4500.42 4.146
16.6377 -0.00860116 -44.4 4500.42 4.146
16.5925 -0.0086086 -44.8 4500.42 4.146
16.5493 -0.00860369 -44.001 4500.42 4.146
16.5045 -0.00860488 -44.4 4500.42 4.146
16.4601 -0.00859521 -44.4 4500.42 4.146
16.4173 -0.00861857 -43.601 4500.42 4.146
16.3729 -0.00860146 -44.001 4500.42 4.146
16.3281 -0.00861143 -44.4 4500.42 4.146
16.2845 -0.00861782 -44.001 4500.42 4.146
16.2397 -0.00860801 -44.4 4500.42 4.146
16.1945 -0.00859135 -44.8 4500.42 4.146
16.1505 -0.00859819 -44.4 4500.42 4.146
16.1069 -0.0086144 -44.001 4500.42 4.146
16.0637 -0.00858718 -43.601 4500.42 4.146
16.0193 -0.00862095 -44.001 4500.42 4.146
15.9745 -0.00857855 -44.4 4500.42 4.146
15.9301 -0.00861946 -44.4 4500.42 4.146
15.8849 -0.0086083 -44.8 4500.42 4.146
15.8401 -0.00857052 -44.801 4500.42 4.146
15.7969 -0.00863508 -44.001 4500.42 4.146
15.7537 -0.00858644 -43.6 4500.42 4.146
15.7093 -0.00859581 -44.001 4500.42 4.146
15.6645 -0.00859581 -44.4 4500.42 4.146
15.6193 -0.00861753 -44.801 4500.42 4.146
15.5761 -0.00858019 -44.001 4500.42 4.146
15.5313 -0.00860488 -44.4 4500.42 4.146
15.4861 -0.00858406 -44.801 4500.42 4.146
15.4421 -0.00861425 -44.4 4500.42 4.146
15.3985 -0.00858837 -44.001 4500.42 4.146
15.3553 -0.0086141 -43.6 4500.42 4.146
15.3117 -0.00860563 -43.6 4500.42 4.146
15.2677 -0.00860563 -43.801 4500.42 4.146
15.2219 -0.00860711 -44.8 4500.42 4.146
15.1779 -0.00860102 -44.401 4500.42 4.146
15.1327 -0.0086089 -44.8 4500.42 4.146
15.0879 -0.00860518 -44.801 4500.42 4.146
15.0431 -0.00860414 -44.801 4500.42 4.146
14.9999 -0.00860444 -44.001 4500.42 4.146
14.9551 -0.00860578 -44.4 4500.42 4.146
14.9107 -0.00859045 -44.4 4500.42 4.146
14.8663 -0.00860741 -44.4 4500.42 4.146
14.8211 -0.00858079 -44.801 4500.42 4.146
14.7771 -0.00861143 -44.4 4500.42 4.146
14.7327 -0.00859789 -44.401 4500.42 4.146
14.6875 -0.00858867 -44.8 4500.42 4.146
14.6427 -0.00862065 -44.801 4500.42 4.146
14.5979 -0.00857841 -44.801 4500.42 4.146
14.5531 -0.00860607 -44.801 4500.42 4.146
14.5083 -0.0085973 -44.801 4500.42 4.146
14.4635 -0.00862273 -44.8 4500.42 4.146
14.4179 -0.00858614 -45.201 4500.42 4.146
14.3743 -0.00862035 -44.4 4500.42 4.146
14.3291 -0.0085845 -44.801 4500.42 4.146
14.2843 -0.00859923 -44.8 4500.42 4.146
14.2427 -0.00859402 -43.201 4500.42 4.146
14.1963 -0.0085915 -44.801 4500.42 4.146
14.1523 -0.00860934 -44.4 4500.42 4.146
14.1071 -0.00860206 -44.801 4500.42 4.146
14.0623 -0.008597 -44.801 4500.42 4.146
14.0183 -0.00860057 -44.4 4500.42 4.146
13.9731 -0.0086034 -44.801 4500.42 4.146
13.9283 -0.00860265 -44.801 4500.42 4.146
13.8851 -0.00857037 -44 4500.42 4.146
13.8403 -0.00861515 -44.4 4500.42 4.146
13.7967 -0.00860682 -44.001 4500.42 4.146
13.7511 -0.00858272 -44.801 4500.42 4.146
13.7079 -0.00859983 -44.001 4500.42 4.146
13.6631 -0.0086089 -44.4 4500.42 4.146
13.6187 -0.00860652 -44.4 4500.42 4.146
13.5751 -0.00860087 -44.001 4500.42 4.146
13.5303 -0.00858629 -44.4 4500.42 4.146
13.4867 -0.00863909 -44.001 4500.42 4.146
13.4419 -0.00859135 -44.4 4500.42 4.146
13.3975 -0.00861485 -44.4 4500.42 4.146
13.3523 -0.00859953 -44.801 4500.42 4.146
13.3075 -0.00858138 -44.801 4500.42 4.146
13.2635 -0.00861128 -44.4 4500.42 4.146
13.2199 -0.00858926 -44.001 4500.42 4.146
13.1751 -0.0085941 -44.4 4500.42 4.146
13.0411 -0.00858941 -89.2 4500.42 4.146
12.9535 -0.00860176 -88.401 4500.42 4.146
12.8627 -0.00859216 -89.601 4500.42 4.146
12.7731 -0.00858651 -89.6 4500.42 4.146
12.7739 -0.0085993 -44.401 4500.42 4.146
12.6423 -0.00859678 -88 4500.42 4.146
12.5511 -0.00859135 -89.601 4500.42 4.146
12.4615 -0.00858168 -89.6 4500.42 4.146
12.4615 -0.00859655 -44.801 4500.42 4.146
12.4167 -0.00857632 -44.801 4500.42 4.146
12.3735 -0.0086034 -44 4500.42 4.146
12.3287 -0.00859938 -44.401 4500.42 4.146
12.2839 -0.00858941 -44.6 4500.42 4.146
12.2405 -0.0085793 -44.001 4500.42 4.146
12.1949 -0.00856889 -44.801 4500.42 4.146
12.1501 -0.00860042 -44.801 4500.42 4.146
12.1061 -0.00853795 -44.4 4500.42 4.146
12.0609 -0.00852932 -44.801 4500.42 4.146
12.0161 -0.00845718 -44.8 4500.42 4.146
11.8825 -0.00838087 -89.2 4500.42 4.146
11.8061 -0.00827615 -82.801 4500.42 4.146
11.7993 -0.00817493 -44.801 4500.42 4.146
11.7545 -0.00810093 -44.801 4500.42 4.146
11.7097 -0.0080682 -44.8 4500.42 4.146
11.6657 -0.0079971 -44.401 4500.42 4.146
11.6221 -0.00795188 -44 4500.42 4.146
11.5765 -0.00789402 -44.801 4500.42 4.146
11.5333 -0.0078372 -44.001 4500.42 4.146
11.4901 -0.00780462 -43.6 4500.42 4.146
11.4441 -0.00774988 -44.801 4500.42 4.146
11.4009 -0.00765811 -44.001 4500.42 4.146
11.3561 -0.00760842 -44.4 4500.42 4.146
11.3125 -0.00754744 -44 4500.42 4.146
11.2669 -0.00747738 -44.801 4500.42 4.146
11.2229 -0.00744317 -44.401 4500.42 4.146
11.1777 -0.00739155 -44.8 4500.42 4.146
11.1337 -0.00733726 -44.401 4500.42 4.146
11.1013 -0.00730126 -38.4 4500.42 4.146
11.0517 -0.00724548 -44.001 4500.42 4.146
11.0061 -0.00719089 -44.8 4500.42 4.146
10.9613 -0.00710774 -44.801 4500.42 4.145
10.9173 -0.00703664 -44.4 4500.42 4.145
10.8721 -0.0069819 -44.801 4500.42 4.145
10.8289 -0.00694174 -44.001 4500.42 4.145
10.7833 -0.00688789 -44.801 4500.42 4.145
10.7393 -0.00683509 -44.4 4500.42 4.145
10.6941 -0.00679284 -44.801 4500.42 4.145
10.6493 -0.00673617 -44.801 4500.42 4.145
10.6061 -0.00670583 -44 4500.42 4.145
10.5605 -0.00660416 -44.801 4500.42 4.145
10.5157 -0.00653521 -44.801 4500.42 4.145
10.4709 -0.00647497 -44.801 4500.42 4.145
10.4277 -0.00643763 -44 4500.42 4.145
10.3829 -0.00639777 -44.401 4500.42 4.145
10.3377 -0.00631923 -44.8 4500.42 4.145
10.2921 -0.00629201 -45.201 4500.42 4.145
10.2485 -0.00623043 -44.4 4500.42 4.145
10.2041 -0.00618804 -44.4 4500.42 4.145
10.1597 -0.00610712 -44.4 4500.42 4.145
10.1145 -0.0060323 -44.801 4500.42 4.145
10.0697 -0.00596611 -44.801 4500.42 4.145
10.0257 -0.00594097 -44.4 4500.42 4.145
9.98129 -0.00587879 -44.4 4500.42 4.145
9.93609 -0.00581899 -44.801 4500.42 4.145
9.89289 -0.0057885 -44.001 4500.42 4.145
9.84729 -0.00570781 -44.801 4500.42 4.145
9.80249 -0.0056228 -44.801 4500.42 4.145
9.75769 -0.00559171 -44.8 4500.42 4.145
9.71289 -0.00553325 -44.801 4500.42 4.145
9.66809 -0.00548654 -44.801 4500.42 4.145
9.62409 -0.00541842 -44.4 4500.42 4.145
9.57969 -0.00538748 -44.4 4500.42 4.145
9.53529 -0.00533631 -44.401 4500.42 4.145
9.49169 -0.0052841 -44 4500.42 4.145
9.44609 -0.00522371 -44.801 4500.42 4.145
9.40129 -0.00515543 -44.801 4500.42 4.145
9.35809 -0.00508017 -44.001 4500.42 4.145
9.31329 -0.00502885 -44.4 4500.42 4.145
9.26929 -0.00497723 -44.201 4500.42 4.145
9.22389 -0.00493425 -44.801 4500.42 4.145
9.17989 -0.0048804 -44.4 4500.42 4.145
9.13469 -0.0048322 -44.801 4500.42 4.145
9.08989 -0.00477404 -44.8 4500.42 4.145
9.04669 -0.00472719 -44.001 4500.42 4.145
9.00109 -0.00464159 -44.801 4500.42 4.145
8.95949 -0.00456312 -43.201 4500.42 4.145
8.91229 -0.00451701 -45.2 4500.42 4.145
8.86869 -0.00446926 -44.4 4500.42 4.145
8.82429 -0.00441616 -44.4 4500.42 4.145
8.77909 -0.00437466 -44.801 4500.42 4.145
8.73509 -0.00432483 -44.401 4500.42 4.145
8.69069 -0.00427931 -44.4 4500.42 4.145
8.64629 -0.00419512 -44.4 4500.42 4.145
8.60109 -0.00412744 -44.801 4500.42 4.145
8.55789 -0.00406244 -44.001 4500.42 4.145
8.51309 -0.00401692 -44.4 4500.42 4.145
8.46789 -0.00396099 -44.801 4500.42 4.145
8.42309 -0.00392172 -44.8 4500.42 4.145
8.37829 -0.00386535 -44.801 4500.42 4.145
8.33509 -0.00381462 -44.001 4500.42 4.145
8.28949 -0.00376613 -44.801 4500.42 4.145
8.24629 -0.00369213 -44 4500.42 4.145
8.18789 -0.00361099 -51.201 4500.42 4.145
8.15029 -0.00355997 -44.4 4500.42 4.145
8.10749 -0.00350895 -43.6 4500.42 4.145
8.06229 -0.00345123 -44.4 4500.42 4.145
8.01709 -0.00341048 -44.801 4500.42 4.145
7.97309 -0.00335708 -44.4 4500.42 4.145
7.92869 -0.00330442 -44.401 4500.42 4.145
7.88429 -0.00323124 -44.401 4500.42 4.145
7.83989 -0.00315359 -44.4 4500.42 4.145
7.79549 -0.00311045 -44.401 4500.42 4.145
7.75109 -0.00306583 -44.4 4500.42 4.145
7.70589 -0.00303147 -44.801 4500.42 4.145
7.66269 -0.00299428 -44 4500.42 4.145
7.61709 -0.00296007 -44.801 4500.42 4.145
7.57229 -0.00293702 -44.8 4500.42 4.145
7.52829 -0.00292393 -44.401 4500.42 4.145
7.48309 -0.00290258 -44.8 4500.42 4.145
7.43829 -0.00289254 -44.801 4500.42 4.145
7.39349 -0.00289328 -44.8 4500.42 4.145
7.34949 -0.0028912 -44.401 4500.42 4.145
7.30429 -0.00288971 -44.8 4500.42 4.145
7.25949 -0.00289061 -44.801 4500.42 4.145
7.21469 -0.00288585 -44.8 4500.42 4.145
7.17069 -0.00289061 -44.401 4500.42 4.145
7.12629 -0.00288614 -44.401 4500.42 4.145
7.08109 -0.0028851 -44.8 4500.42 4.145
7.03789 -0.00289269 -44.001 4500.42 4.145
6.99229 -0.00288614 -44.8 4500.42 4.145
6.94749 -0.00288942 -44.801 4500.42 4.143
6.90349 -0.00288332 -44.4 4500.42 4.143
6.85829 -0.00288838 -44.801 4500.42 4.143
6.81429 -0.00288689 -44.4 4500.42 4.143
6.77069 -0.00288614 -44.001 4500.42 4.143
6.72589 -0.00288466 -44.4 4500.42 4.143
6.68069 -0.0028851 -44.801 4500.42 4.143
6.63589 -0.00288213 -44.8 4500.42 4.143
6.59109 -0.00288213 -44.801 4500.42 4.143
6.54709 -0.0028851 -44.4 4500.42 4.143
6.50189 -0.00287975 -44.801 4500.42 4.143
6.45709 -0.00287781 -44.8 4500.42 4.143
6.41229 -0.00287603 -44.801 4500.42 4.143
6.36829 -0.00287707 -44.401 4500.42 4.143
6.32549 -0.00287462 -43.6 4500.42 4.143
6.27949 -0.00287648 -44.8 4500.42 4.143
6.23509 -0.00287067 -44.6 4500.42 4.143
6.19089 -0.00287484 -44.401 4500.42 4.143
6.14649 -0.00288019 -44.401 4500.42 4.143
6.10209 -0.00287454 -44.4 4500.42 4.143
6.05849 -0.00287796 -44 4500.42 4.143
6.01289 -0.00287439 -44.801 4500.42 4.143
5.96809 -0.00287573 -44.801 4500.42 4.143
5.92569 -0.00286688 -43.6 4500.42 4.143
5.87969 -0.00287157 -44.801 4500.42 4.143
5.83649 -0.00287499 -44 4500.42 4.143
5.79169 -0.00287781 -44.4 4500.42 4.143
5.74649 -0.00287826 -44.801 4500.42 4.143
5.70169 -0.00287707 -44.801 4500.42 4.143
5.65689 -0.00286666 -44.8 4500.42 4.143
5.61209 -0.00287484 -44.801 4500.42 4.143
5.56729 -0.0028735 -44.8 4500.42 4.143
5.52329 -0.00287886 -44.401 4500.42 4.143
5.47809 -0.00287543 -44.8 4500.42 4.143
5.43329 -0.00287781 -44.801 4500.42 4.143
5.38929 -0.00286844 -44.4 4500.42 4.143
5.34489 -0.00286443 -44.401 4500.42 4.143
5.29969 -0.00286443 -44.8 4500.42 4.143
5.25489 -0.00287186 -44.801 4500.42 4.143
5.21009 -0.00286651 -44.801 4500.42 4.143
5.16609 -0.00286755 -44.4 4500.42 4.143
5.12089 -0.00287127 -44.801 4500.42 4.143
5.07609 -0.00287633 -44.8 4500.42 4.143
5.03129 -0.00287677 -44.801 4500.42 4.143
4.98649 -0.00287082 -44.8 4500.42 4.143
4.94169 -0.00287246 -44.801 4500.42 4.143
4.89689 -0.00286591 -44.8 4500.42 4.143
4.85289 -0.00287276 -44.401 4500.42 4.143
4.80849 -0.00287826 -44.4 4500.42 4.143
4.76489 -0.00287543 -44.001 4500.42 4.143
4.71929 -0.0028674 -44.8 4500.42 4.143
4.67449 -0.00286859 -44.801 4500.42 4.143
4.62969 -0.00287439 -44.801 4500.42 4.143
4.58489 -0.00286651 -44.8 4500.42 4.143
4.54089 -0.00286844 -44.401 4500.42 4.143
4.49649 -0.00286696 -44.4 4500.42 4.143
4.45209 -0.00286993 -44.401 4500.42 4.143
4.40689 -0.00286993 -44.8 4500.42 4.143
4.36369 -0.0028671 -44.001 4500.42 4.143
4.31809 -0.00286517 -44.8 4500.42 4.143
4.27249 -0.00287514 -45.201 4500.42 4.143
4.22969 -0.00286279 -44 4500.42 4.143
4.18409 -0.00286859 -44.801 4500.42 4.143
4.13929 -0.00286904 -44.8 4500.42 4.143
4.09529 -0.0028741 -44.401 4500.42 4.143
4.05089 -0.00286934 -44.4 4500.42 4.143
4.00729 -0.00286547 -44.001 4500.42 4.143
3.96329 -0.0028616 -44 4500.42 4.143
3.91769 -0.00286785 -44.801 4500.42 4.143
3.87289 -0.00286487 -44.8 4500.42 4.143
3.82889 -0.00286443 -44.4 4500.42 4.143
3.78449 -0.00286458 -44.4 4500.42 4.143
3.73929 -0.00285892 -44.8 4500.42 4.143
3.69449 -0.00286264 -44.8 4500.42 4.143
3.64969 -0.00286428 -44.8 4500.42 4.143
3.60649 -0.00286167 -44.001 4500.42 4.143
3.56329 -0.00285803 -43.601 4500.42 4.143
3.51729 -0.00286056 -44.8 4500.42 4.143
3.47329 -0.00286636 -44.4 4500.42 4.143
3.42889 -0.00286056 -44.4 4500.42 4.143
3.38289 -0.00285714 -45.2 4500.42 4.143
3.33849 -0.00285714 -44.8 4500.42 4.143
3.29369 -0.00285922 -44.8 4500.42 4.143
3.25009 -0.00285758 -44.201 4500.42 4.143
3.20469 -0.00285863 -44.8 4500.42 4.143
3.16149 -0.0028558 -44.001 4500.42 4.143
3.11669 -0.0028622 -44.4 4500.42 4.143
3.07149 -0.00286264 -44.801 4500.42 4.143
3.02669 -0.00285922 -44.8 4500.42 4.143
2.98189 -0.0028555 -44.8 4500.42 4.143
2.93709 -0.0028552 -44.8 4500.42 4.143
2.89229 -0.00285848 -44.8 4500.42 4.143
2.84749 -0.00285818 -44.8 4500.42 4.143
2.80349 -0.00285178 -44.4 4500.42 4.143
2.75909 -0.00285015 -44.4 4500.42 4.143
2.71389 -0.00285967 -44.8 4500.42 4.143
2.66909 -0.00285863 -44.8 4500.42 4.143
2.62589 -0.00284881 -44.001 4500.42 4.143
2.58109 -0.00285401 -44.4 4500.42 4.143
2.53829 -0.00285565 -43.601 4500.42 4.143
2.49149 -0.00284851 -45.2 4500.42 4.143
2.44869 -0.00285892 -44.001 4500.42 4.143
2.40469 -0.00285379 -44.001 4500.42 4.143
2.36069 -0.00285208 -44.001 4500.42 4.143
2.31589 -0.00284717 -44.4 4500.42 4.143
2.27149 -0.00284628 -44.4 4500.42 4.143
2.22709 -0.00285639 -44.4 4500.42 4.143
2.18269 -0.00284985 -44.4 4500.42 4.143
2.13749 -0.00285268 -44.8 4500.42 4.143
2.09429 -0.00284539 -44.001 4500.42 4.143
2.04949 -0.00285044 -44.4 4500.42 4.143
2.00589 -0.00285059 -44.001 4500.42 4.143
1.96189 -0.00284784 -44.001 4500.42 4.143
1.91789 -0.00284583 -44.001 4500.42 4.143
1.87229 -0.00284851 -44.8 4500.42 4.143
1.82749 -0.00284494 -44.8 4500.42 4.143
1.78349 -0.00284539 -44.4 4500.42 4.143
1.73909 -0.00284568 -44.4 4500.42 4.143
1.69469 -0.00284792 -44.4 4500.42 4.143
1.65029 -0.00284881 -44.4 4500.42 4.143
1.60589 -0.00285 -44.4 4500.42 4.143
1.56149 -0.0028494 -44.4 4500.42 4.143
1.51629 -0.00284464 -44.8 4500.42 4.143
1.47229 -0.0028381 -44.4 4500.42 4.143
1.42709 -0.00284375 -44.801 4500.42 4.143
1.38229 -0.00284286 -44.8 4500.42 4.143
1.33829 -0.00284509 -44.4 4500.42 4.143
1.29309 -0.00284643 -44.8 4500.42 4.143
1.24829 -0.00285 -44.8 4500.42 4.143
1.20429 -0.00284078 -44.4 4500.42 4.143
1.16149 -0.00284316 -43.601 4500.42 4.143
1.11629 -0.00284211 -44.4 4500.42 4.143
1.07189 -0.00283572 -44.4 4500.42 4.143
1.02749 -0.00283378 -44.4 4500.42 4.143
0.983889 -0.00284256 -44.001 4500.42 4.143
0.93831 -0.00284435 -44.79 4500.42 4.143
0.89428 -0.00283929 -44.41 4500.42 4.143
0.86667 -0.00284137 -36.01 4500.42 4.143
