Положение (мм) ,Сигнал усреднённый (В), Δ (мкм), Кол-во выборок сигнала АЦП:10 Энергия пучка: Ток пучка: 
24.7715 -0.00838079 -50.001 4500.42 3.94
24.7319 -0.00839515 -44.801 4500.42 3.94
24.6871 -0.00837685 -44.8 4500.42 3.94
24.6503 -0.0084011 -40.791 4500.42 3.94
24.5935 -0.00841032 -48.8 4500.42 3.94
24.5527 -0.00838057 -44.8 4500.42 3.94
24.5079 -0.0084188 -44.8 4500.42 3.94
24.4631 -0.00837447 -44.801 4500.42 3.94
24.4183 -0.0084014 -44.8 4500.42 3.939
24.3743 -0.00840407 -44.4 4500.42 3.939
24.3307 -0.00840065 -44.001 4500.42 3.939
24.2875 -0.00836436 -43.611 4500.42 3.939
24.2423 -0.00842415 -44.4 4500.42 3.939
24.2067 -0.0083956 -40 4500.42 3.939
24.1587 -0.00838875 -44.001 4500.42 3.939
24.1155 -0.00843115 -43.591 4500.42 3.939
24.0703 -0.00838384 -44.4 4500.42 3.939
24.0267 -0.00840021 -44.011 4500.42 3.939
23.9811 -0.00841568 -44.79 4500.42 3.939
23.9371 -0.00836823 -44.4 4500.42 3.939
23.8919 -0.00842163 -44.801 4500.42 3.939
23.8479 -0.00837864 -44.4 4500.42 3.939
23.8027 -0.00840259 -44.8 4500.42 3.939
23.7707 -0.00836332 -38.41 4500.42 3.939
23.7211 -0.00841954 -43.991 4500.42 3.939
23.6755 -0.00836034 -44.811 4500.42 3.939
23.6307 -0.00838935 -44.8 4500.42 3.939
23.5875 -0.00838786 -43.991 4500.42 3.939
23.5435 -0.00834904 -44.001 4500.42 3.939
23.4995 -0.00843784 -44.011 4500.42 3.939
23.4539 -0.00836153 -44.79 4500.42 3.939
23.4099 -0.00839708 -44.41 4500.42 3.939
23.3647 -0.00837061 -44.79 4500.42 3.939
23.3207 -0.00841166 -44.4 4500.42 3.939
23.2759 -0.00837507 -44.611 4500.42 3.939
23.2317 -0.00835826 -44.39 4500.42 3.939
23.1865 -0.00839024 -44.81 4500.42 3.939
23.1425 -0.00836733 -44.401 4500.42 3.939
23.0981 -0.00838251 -44.39 4500.42 3.939
23.0553 -0.00838682 -43.6 4500.42 3.939
23.0101 -0.00834591 -44.41 4500.42 3.939
22.9657 -0.0083828 -44.4 4500.42 3.939
22.9333 -0.00834844 -38.391 4500.42 3.939
22.8829 -0.00837998 -44.4 4500.42 3.939
22.8377 -0.00833282 -44.8 4500.42 3.939
22.7937 -0.00840541 -44.4 4500.42 3.939
22.7493 -0.00832405 -44.4 4500.42 3.939
22.7049 -0.00836287 -44.4 4500.42 3.939
22.6597 -0.00838935 -44.801 4500.42 3.939
22.6149 -0.00832925 -44.8 4500.42 3.939
22.5701 -0.00838652 -44.811 4500.42 3.939
22.5261 -0.00832405 -44.4 4500.42 3.939
22.4809 -0.00835952 -44.8 4500.42 3.939
22.4369 -0.00831215 -44.4 4500.42 3.939
22.3925 -0.00837611 -44.39 4500.42 3.939
22.3481 -0.00833476 -44.401 4500.42 3.939
22.3029 -0.00833862 -44.81 4500.42 3.939
22.2597 -0.00833952 -43.991 4500.42 3.939
22.2141 -0.0083297 -44.8 4500.42 3.939
22.1701 -0.00834889 -44.4 4500.42 3.939
22.1249 -0.00833491 -44.801 4500.42 3.939
22.0801 -0.00834785 -44.81 4500.42 3.939
22.0353 -0.00833327 -44.801 4500.42 3.939
21.9913 -0.0083355 -44.4 4500.42 3.939
21.9469 -0.0083123 -44.39 4500.42 3.939
21.9017 -0.00831111 -44.81 4500.42 3.939
21.8561 -0.00836421 -45.201 4500.42 3.939
21.8125 -0.00830218 -44.4 4500.42 3.939
21.7689 -0.00834457 -44.001 4500.42 3.939
21.7233 -0.00832256 -44.8 4500.42 3.939
21.6785 -0.00831341 -44.801 4500.42 3.939
21.6337 -0.00829549 -44.8 4500.42 3.939
21.5897 -0.0082995 -44.4 4500.42 3.939
21.5453 -0.00833134 -44.4 4500.42 3.939
21.5009 -0.00827422 -44.4 4500.42 3.939
21.4557 -0.00832003 -44.801 4500.42 3.939
21.4109 -0.00829668 -44.8 4500.42 3.939
21.3669 -0.00831088 -44.4 4500.42 3.939
21.3233 -0.00830813 -44.001 4500.42 3.939
21.2785 -0.00830694 -44.39 4500.42 3.939
21.2341 -0.00830902 -44.4 4500.42 3.939
21.1881 -0.00828597 -45.211 4500.42 3.939
21.1437 -0.00830962 -44.8 4500.42 3.939
21.1005 -0.00827585 -44.001 4500.42 3.939
21.0549 -0.00831051 -44.801 4500.42 3.939
21.0125 -0.00830203 -43.59 4500.42 3.939
20.9689 -0.00828998 -43.611 4500.42 3.939
20.9229 -0.00829028 -44.8 4500.42 3.939
20.8789 -0.0083239 -44.4 4500.42 3.939
20.8337 -0.00829236 -44.791 4500.42 3.939
20.7889 -0.00828478 -44.8 4500.42 3.939
20.7441 -0.00829921 -44.8 4500.42 3.939
20.7009 -0.00826856 -44.011 4500.42 3.939
20.6553 -0.00830397 -44.791 4500.42 3.939
20.6121 -0.00828701 -44.011 4500.42 3.939
20.5665 -0.00828545 -44.8 4500.42 3.939
20.5241 -0.00826946 -43.601 4500.42 3.939
20.4781 -0.00829698 -44.8 4500.42 3.939
20.4461 -0.00829965 -38.39 4500.42 3.936
20.3957 -0.00830025 -44.4 4500.42 3.936
20.3513 -0.00829608 -44.4 4500.42 3.936
20.3069 -0.00826633 -44.411 4500.42 3.936
20.2621 -0.00831007 -44.59 4500.42 3.936
20.2179 -0.00827541 -44.4 4500.42 3.936
20.1735 -0.00829668 -44.4 4500.42 3.936
20.1275 -0.00827764 -45.211 4500.42 3.936
20.0847 -0.00828218 -43.991 4500.42 3.936
20.0407 -0.0082885 -44 4500.42 3.936
19.9959 -0.00828656 -44.401 4500.42 3.936
19.9507 -0.0082885 -44.8 4500.42 3.936
19.9075 -0.00829281 -44.001 4500.42 3.936
19.8619 -0.00828061 -44.8 4500.42 3.936
19.8179 -0.00831081 -44.4 4500.42 3.936
19.7743 -0.00826351 -44.011 4500.42 3.936
19.7287 -0.00829906 -44.801 4500.42 3.936
19.6839 -0.00828813 -44.79 4500.42 3.936
19.6399 -0.00830709 -44.41 4500.42 3.936
19.5947 -0.00826975 -44.79 4500.42 3.936
19.5507 -0.00831304 -44.411 4500.42 3.936
19.5055 -0.00828225 -44.79 4500.42 3.936
19.4615 -0.00831036 -44.4 4500.42 3.936
19.4163 -0.00829534 -44.801 4500.42 3.936
19.3723 -0.00830471 -44.4 4500.42 3.936
19.3287 -0.00831944 -44.011 4500.42 3.936
19.2831 -0.00830865 -44.8 4500.42 3.936
19.2415 -0.00831051 -43.19 4500.42 3.936
19.1959 -0.00830397 -44.4 4500.42 3.936
19.1523 -0.00831869 -44.001 4500.42 3.936
19.1083 -0.00833446 -44.011 4500.42 3.936
19.0627 -0.00831483 -44.801 4500.42 3.936
19.0187 -0.00833743 -44.4 4500.42 3.936
18.9743 -0.00832018 -44.4 4500.42 3.936
18.9299 -0.00831706 -44.4 4500.42 3.936
18.8847 -0.00833312 -44.8 4500.42 3.936
18.8407 -0.00834234 -44.4 4500.42 3.936
18.7955 -0.00833491 -44.801 4500.42 3.936
18.7507 -0.00832568 -44.8 4500.42 3.936
18.7083 -0.00832702 -43.601 4500.42 3.936
18.6623 -0.00833312 -44.8 4500.42 3.936
18.6167 -0.0083294 -45.201 4500.42 3.936
18.5739 -0.00833788 -44.001 4500.42 3.936
18.5291 -0.00834309 -44.4 4500.42 3.936
18.4839 -0.00833981 -44.8 4500.42 3.936
18.4391 -0.00833059 -44.801 4500.42 3.936
18.3959 -0.00835752 -44.001 4500.42 3.936
18.3503 -0.00832881 -44.8 4500.42 3.936
18.3071 -0.00835246 -43.991 4500.42 3.936
18.2615 -0.00833505 -44.81 4500.42 3.936
18.2167 -0.00836525 -44.801 4500.42 3.936
18.1727 -0.00834457 -44.4 4500.42 3.936
18.1275 -0.00834919 -44.8 4500.42 3.936
18.0835 -0.00835164 -44.4 4500.42 3.936
18.0391 -0.00836466 -44.4 4500.42 3.936
17.9955 -0.00834383 -43.991 4500.42 3.936
17.9507 -0.00836317 -44.4 4500.42 3.936
17.9071 -0.0083419 -44.001 4500.42 3.936
17.8615 -0.0083532 -44.8 4500.42 3.936
17.8183 -0.00835737 -44.011 4500.42 3.936
17.7727 -0.00836942 -44.791 4500.42 3.936
17.7287 -0.00833922 -44.4 4500.42 3.936
17.6835 -0.00836741 -44.8 4500.42 3.936
17.6395 -0.00834338 -44.4 4500.42 3.936
17.5959 -0.00836332 -44.011 4500.42 3.936
17.5511 -0.00833654 -44.4 4500.42 3.936
17.5059 -0.00837879 -44.801 4500.42 3.936
17.4627 -0.00835261 -44.001 4500.42 3.936
17.4171 -0.00834145 -44.8 4500.42 3.936
17.3731 -0.00836644 -44.4 4500.42 3.936
17.3279 -0.00832732 -44.801 4500.42 3.936
17.2843 -0.00836778 -44.191 4500.42 3.936
17.2413 -0.00834257 -43.61 4500.42 3.936
17.1953 -0.0083892 -44.801 4500.42 3.936
17.1513 -0.00833401 -44.4 4500.42 3.936
17.1085 -0.00836287 -43.59 4500.42 3.936
17.0625 -0.0083474 -44.801 4500.42 3.936
17.0177 -0.00834993 -44.81 4500.42 3.936
16.9737 -0.00839902 -44.39 4500.42 3.936
16.9309 -0.00833148 -43.601 4500.42 3.936
16.8865 -0.00837596 -44.011 4500.42 3.936
16.8425 -0.00835246 -44.001 4500.42 3.936
16.7985 -0.00838667 -43.99 4500.42 3.936
16.7545 -0.00834383 -44.001 4500.42 3.936
16.7105 -0.00839679 -44.001 4500.42 3.936
16.6657 -0.00834205 -44.41 4500.42 3.936
16.6213 -0.00837284 -44.4 4500.42 3.936
16.5785 -0.00839217 -43.591 4500.42 3.936
16.5325 -0.0083474 -44.81 4500.42 3.936
16.4901 -0.00837001 -43.591 4500.42 3.936
16.4457 -0.00837953 -44.011 4500.42 3.936
16.4025 -0.00833669 -43.6 4500.42 3.933
16.3589 -0.0083773 -43.591 4500.42 3.933
16.3145 -0.00835052 -44.011 4500.42 3.933
16.2689 -0.00841419 -44.79 4500.42 3.933
16.2241 -0.00832658 -44.801 4500.42 3.933
16.1817 -0.00837209 -43.61 4500.42 3.933
16.1365 -0.00836421 -44.4 4500.42 3.933
16.0937 -0.00834933 -43.591 4500.42 3.933
16.0485 -0.00838593 -44.4 4500.42 3.933
16.0049 -0.00837968 -44.001 4500.42 3.933
15.9601 -0.00835528 -44.41 4500.42 3.933
15.9173 -0.00838548 -43.601 4500.42 3.933
15.8721 -0.0083628 -44.39 4500.42 3.933
15.8293 -0.00835737 -43.6 4500.42 3.933
15.7857 -0.00833505 -43.61 4500.42 3.933
15.7405 -0.00836837 -44.4 4500.42 3.933
15.6953 -0.00833848 -44.801 4500.42 3.933
15.6505 -0.00836049 -44.801 4500.42 3.933
15.6089 -0.00835171 -43.19 4500.42 3.933
15.5625 -0.00834264 -44.801 4500.42 3.933
15.5201 -0.0083416 -43.611 4500.42 3.933
15.4773 -0.00833163 -43.19 4500.42 3.933
15.4325 -0.00834904 -44.001 4500.42 3.933
15.3901 -0.00834822 -43.211 4500.42 3.933
15.3477 -0.00832241 -42.8 4500.42 3.933
15.3017 -0.00833639 -44.4 4500.42 3.933
15.2565 -0.00833773 -44.801 4500.42 3.933
15.2117 -0.00833565 -44.79 4500.42 3.933
15.1669 -0.00834502 -44.801 4500.42 3.933
15.1221 -0.00831825 -44.801 4500.42 3.933
15.0773 -0.00833862 -44.801 4500.42 3.933
15.0325 -0.00833119 -44.801 4500.42 3.933
14.9877 -0.00832345 -44.811 4500.42 3.933
14.9437 -0.00832107 -44.39 4500.42 3.933
14.8993 -0.00832628 -44.4 4500.42 3.933
14.8549 -0.00831825 -44.4 4500.42 3.933
14.8097 -0.00831988 -44.801 4500.42 3.933
14.7649 -0.00832078 -44.811 4500.42 3.933
14.7209 -0.00832494 -44.4 4500.42 3.933
14.6765 -0.00832851 -44.39 4500.42 3.933
14.6321 -0.00831364 -44.4 4500.42 3.933
14.5861 -0.00831691 -45.211 4500.42 3.933
14.5417 -0.00830382 -44.801 4500.42 3.933
14.4977 -0.00830382 -44.4 4500.42 3.933
14.4541 -0.00830055 -43.99 4500.42 3.933
14.4213 -0.00830694 -38.411 4500.42 3.933
14.3717 -0.00830159 -44.001 4500.42 3.933
14.3277 -0.00830099 -43.99 4500.42 3.933
14.2829 -0.00829474 -44.401 4500.42 3.933
14.2397 -0.00830203 -43.81 4500.42 3.933
14.1939 -0.00828136 -44.801 4500.42 3.933
14.1491 -0.00828694 -44.801 4500.42 3.933
14.1051 -0.00828537 -44.4 4500.42 3.933
14.0615 -0.00828017 -44.001 4500.42 3.933
14.0159 -0.00829296 -44.801 4500.42 3.933
13.9711 -0.00826618 -44.8 4500.42 3.933
13.9263 -0.00831423 -44.801 4500.42 3.933
13.8823 -0.00826202 -44.4 4500.42 3.933
13.8387 -0.0082995 -44.001 4500.42 3.933
13.7939 -0.00825756 -44.39 4500.42 3.933
13.7495 -0.00826633 -44.4 4500.42 3.933
13.7043 -0.00827072 -44.811 4500.42 3.933
13.5707 -0.0082728 -89.2 4500.42 3.933
13.4823 -0.0082676 -88.791 4500.42 3.933
13.3935 -0.00826522 -88.8 4500.42 3.933
13.3943 -0.00825391 -44.001 4500.42 3.933
13.3495 -0.00826856 -44.4 4500.42 3.933
13.3043 -0.00826425 -44.801 4500.42 3.933
13.2595 -0.00826247 -44.801 4500.42 3.933
13.2155 -0.00824462 -44.4 4500.42 3.933
13.1703 -0.00824477 -44.801 4500.42 3.933
13.1263 -0.00828582 -44.4 4500.42 3.933
13.0819 -0.00822989 -44.4 4500.42 3.933
13.0375 -0.00827318 -44.401 4500.42 3.933
12.9923 -0.00825131 -44.8 4500.42 3.933
12.9499 -0.00824566 -43.611 4500.42 3.933
12.9047 -0.00825101 -44.4 4500.42 3.933
12.8611 -0.00826009 -43.991 4500.42 3.933
12.8171 -0.00823703 -44 4500.42 3.933
12.7723 -0.00827466 -44.4 4500.42 3.933
12.7279 -0.00822052 -44.401 4500.42 3.933
12.6827 -0.00824477 -44.801 4500.42 3.933
12.6379 -0.00824789 -44.8 4500.42 3.933
12.5947 -0.0082409 -44.001 4500.42 3.933
12.5491 -0.00822483 -44.801 4500.42 3.933
12.5051 -0.00822602 -44.4 4500.42 3.933
12.4599 -0.00824566 -44.801 4500.42 3.933
12.4167 -0.00822126 -44.001 4500.42 3.933
12.3615 -0.00823614 -49.6 4500.42 3.932
12.3239 -0.00824536 -43.61 4500.42 3.932
12.2779 -0.00821293 -44.801 4500.42 3.932
12.2339 -0.00826083 -44.4 4500.42 3.932
12.1895 -0.00823532 -44.4 4500.42 3.932
12.1451 -0.00823123 -44.401 4500.42 3.932
12.0999 -0.00819464 -44.8 4500.42 3.932
12.0551 -0.00817173 -44.801 4500.42 3.932
12.0119 -0.00813558 -43.991 4500.42 3.932
11.9671 -0.00808412 -44.4 4500.42 3.932
11.9219 -0.00803414 -44.811 4500.42 3.932
11.8779 -0.0079852 -44.39 4500.42 3.932
11.8319 -0.00791544 -45.21 4500.42 3.932
11.7883 -0.00787126 -44.401 4500.42 3.932
11.7439 -0.00786353 -44.4 4500.42 3.932
11.6987 -0.00775241 -44.801 4500.42 3.932
11.6547 -0.00776342 -44.4 4500.42 3.932
11.6095 -0.00768979 -44.801 4500.42 3.932
11.5647 -0.00762568 -44.801 4500.42 3.932
11.5207 -0.0075461 -44.4 4500.42 3.932
11.4755 -0.00749999 -44.801 4500.42 3.932
11.4331 -0.00746607 -43.591 4500.42 3.932
11.3879 -0.00739557 -44.4 4500.42 3.932
11.3427 -0.00737653 -44.801 4500.42 3.932
11.2979 -0.00732447 -44.811 4500.42 3.932
11.2543 -0.00725976 -44.19 4500.42 3.932
11.2097 -0.00721424 -44.411 4500.42 3.932
11.1645 -0.0071601 -44.79 4500.42 3.932
11.1213 -0.00710997 -44.011 4500.42 3.932
11.0757 -0.00704244 -44.801 4500.42 3.932
11.0317 -0.00701016 -44.4 4500.42 3.932
10.9865 -0.00694546 -44.801 4500.42 3.932
10.9417 -0.00694799 -44.791 4500.42 3.932
10.8969 -0.00686231 -44.8 4500.42 3.932
10.8529 -0.00679931 -44.401 4500.42 3.932
10.8093 -0.00673171 -44.011 4500.42 3.932
10.7637 -0.00668455 -44.8 4500.42 3.932
10.7197 -0.00664662 -44.401 4500.42 3.932
10.6745 -0.00659977 -44.8 4500.42 3.932
10.6305 -0.00654592 -44.401 4500.42 3.932
10.5861 -0.00650174 -44.4 4500.42 3.932
10.5417 -0.00644507 -44.4 4500.42 3.932
10.4957 -0.00642216 -45.19 4500.42 3.932
10.4521 -0.0063443 -44.411 4500.42 3.932
10.4069 -0.00626018 -44.79 4500.42 3.932
10.3621 -0.00622478 -44.801 4500.42 3.932
10.3173 -0.00618402 -44.801 4500.42 3.932
10.2725 -0.00613821 -44.801 4500.42 3.932
10.2277 -0.00608882 -44.8 4500.42 3.932
10.1837 -0.00604063 -44.401 4500.42 3.932
10.1385 -0.00599333 -44.801 4500.42 3.932
10.0937 -0.00594037 -44.811 4500.42 3.932
10.0489 -0.00587611 -44.8 4500.42 3.932
10.0057 -0.00580352 -43.991 4500.42 3.932
9.9609 -0.0057653 -44.4 4500.42 3.932
9.9165 -0.00570193 -44.4 4500.42 3.932
9.8721 -0.00567322 -44.401 4500.42 3.932
9.8277 -0.00563321 -44.4 4500.42 3.932
9.7825 -0.0055636 -44.801 4500.42 3.932
9.7377 -0.00552849 -44.8 4500.42 3.932
9.6929 -0.00547583 -44.801 4500.42 3.932
9.6489 -0.00540518 -44.4 4500.42 3.932
9.6037 -0.00532605 -44.801 4500.42 3.932
9.55888 -0.00528574 -44.811 4500.42 3.932
9.51489 -0.00524929 -44.4 4500.42 3.932
9.46969 -0.0051886 -44.801 4500.42 3.932
9.42569 -0.00515112 -44.4 4500.42 3.932
9.38131 -0.00509638 -44.39 4500.42 3.932
9.3369 -0.00506113 -44.401 4500.42 3.932
9.29168 -0.00497761 -44.811 4500.42 3.932
9.24771 -0.00491982 -44.39 4500.42 3.932
9.20248 -0.00486225 -44.811 4500.42 3.932
9.15769 -0.00481733 -44.801 4500.42 3.932
9.11289 -0.00476527 -44.8 4500.42 3.932
9.06889 -0.00471544 -44.401 4500.42 3.932
9.02369 -0.00467498 -44.8 4500.42 3.932
8.98049 -0.00463021 -44.001 4500.42 3.932
8.93489 -0.00457383 -44.801 4500.42 3.932
8.88931 -0.00450585 -45.19 4500.42 3.932
8.8449 -0.00443178 -44.801 4500.42 3.932
8.8009 -0.0043818 -44.4 4500.42 3.932
8.7557 -0.0043223 -44.801 4500.42 3.932
8.7117 -0.00428496 -44.4 4500.42 3.932
8.6673 -0.00422963 -44.4 4500.42 3.932
8.62288 -0.00417876 -44.411 4500.42 3.932
8.57929 -0.00413027 -44 4500.42 3.932
8.53369 -0.0040843 -44.801 4500.42 3.932
8.48969 -0.00401528 -44.4 4500.42 3.932
8.44611 -0.00395712 -43.991 4500.42 3.932
8.4013 -0.00389584 -44.4 4500.42 3.932
8.3569 -0.00384066 -44.4 4500.42 3.932
8.31488 -0.00379901 -43.211 4500.42 3.932
8.27051 -0.00374665 -43.791 4500.42 3.932
8.2247 -0.00370768 -44.8 4500.42 3.932
8.1799 -0.00365011 -44.801 4500.42 3.932
8.1359 -0.00360772 -44.4 4500.42 3.932
8.0907 -0.00353156 -44.801 4500.42 3.932
8.0475 -0.00345644 -44.001 4500.42 3.932
8.0019 -0.00340616 -44.801 4500.42 3.932
7.9579 -0.00336035 -44.4 4500.42 3.932
7.9135 -0.00331513 -44.4 4500.42 3.932
7.8675 -0.00326277 -45.201 4500.42 3.932
7.8231 -0.00321517 -44.801 4500.42 3.932
7.7791 -0.0031759 -44.4 4500.42 3.932
7.7339 -0.00313306 -44.801 4500.42 3.932
7.6907 -0.0030723 -44 4500.42 3.932
7.6459 -0.00301615 -44.401 4500.42 3.932
7.6007 -0.00298952 -44.8 4500.42 3.932
7.5567 -0.00297866 -44.401 4500.42 3.932
7.51308 -0.00295353 -44.011 4500.42 3.932
7.46749 -0.00294445 -44.8 4500.42 3.932
7.42271 -0.002933 -44.79 4500.42 3.932
7.3779 -0.00293226 -44.801 4500.42 3.932
7.3331 -0.0029272 -44.8 4500.42 3.932
7.2883 -0.00292824 -44.801 4500.42 3.932
7.2443 -0.00293002 -44.4 4500.42 3.932
7.1991 -0.00292199 -44.801 4500.42 3.932
7.1559 -0.00292288 -44 4500.42 3.932
7.1103 -0.00291738 -44.801 4500.42 3.932
7.0655 -0.00292036 -44.801 4500.42 3.932
7.0223 -0.00291277 -44 4500.42 3.932
6.9767 -0.0029153 -44.801 4500.42 3.932
6.9335 -0.00291693 -44 4500.42 3.932
6.8879 -0.0029156 -44.801 4500.42 3.932
6.8431 -0.00290979 -44.8 4500.42 3.932
6.7983 -0.00291946 -44.801 4500.42 3.932
6.7535 -0.00291768 -44.8 4500.42 3.932
6.7087 -0.00291664 -44.801 4500.42 3.932
6.66388 -0.00291232 -44.811 4500.42 3.932
6.62151 -0.00291857 -43.591 4500.42 3.932
6.5763 -0.00291262 -44.4 4500.42 3.932
6.5311 -0.00290913 -44.801 4500.42 3.932
6.4879 -0.00290831 -44 4500.42 3.932
6.44308 -0.00290846 -44.411 4500.42 3.929
6.39949 -0.00291634 -44.001 4500.42 3.929
6.35311 -0.00291262 -45.19 4500.42 3.929
6.30948 -0.0029031 -44.411 4500.42 3.929
6.26351 -0.00291262 -45.19 4500.42 3.929
6.2191 -0.00291589 -44.801 4500.42 3.929
6.1743 -0.00291351 -44.8 4500.42 3.929
6.1303 -0.0029095 -44.401 4500.42 3.929
6.0859 -0.00290444 -44.4 4500.42 3.929
6.0415 -0.00291158 -44.401 4500.42 3.929
5.9971 -0.00291307 -44.4 4500.42 3.929
5.9527 -0.00291203 -44.401 4500.42 3.929
5.9083 -0.00291708 -44.4 4500.42 3.929
5.8631 -0.00290965 -44.801 4500.42 3.929
5.8183 -0.0029147 -44.8 4500.42 3.929
5.7735 -0.00291203 -44.801 4500.42 3.929
5.73108 -0.00291396 -43.611 4500.42 3.929
5.68589 -0.00291671 -44.4 4500.42 3.929
5.64069 -0.00291351 -44.801 4500.42 3.929
5.59591 -0.00290965 -44.79 4500.42 3.929
5.55348 -0.0029095 -43.611 4500.42 3.929
5.50829 -0.00290875 -44.4 4500.42 3.929
5.46471 -0.00290548 -43.99 4500.42 3.929
5.41828 -0.00291188 -45.21 4500.42 3.929
5.37551 -0.00291277 -43.99 4500.42 3.929
5.3299 -0.00291136 -44.801 4500.42 3.929
5.28708 -0.00290771 -43.81 4500.42 3.929
5.24129 -0.0029089 -44.801 4500.42 3.929
5.19729 -0.00291098 -44.4 4500.42 3.929
5.15371 -0.00290474 -43.99 4500.42 3.929
5.1097 -0.0029028 -44.001 4500.42 3.929
5.0657 -0.00290994 -44 4500.42 3.929
5.0201 -0.00291247 -44.801 4500.42 3.929
4.9753 -0.00291634 -44.8 4500.42 3.929
4.9313 -0.00291084 -44.401 4500.42 3.929
4.8861 -0.00290846 -44.8 4500.42 3.929
4.8421 -0.00291322 -44.401 4500.42 3.929
4.7969 -0.00290697 -44.8 4500.42 3.929
4.7521 -0.00290682 -44.801 4500.42 3.929
4.7073 -0.00290489 -44.8 4500.42 3.929
4.66248 -0.00290503 -44.811 4500.42 3.929
4.61769 -0.00289879 -44.801 4500.42 3.929
4.57209 -0.00289968 -45.201 4500.42 3.929
4.52849 -0.00290675 -44.4 4500.42 3.929
4.48489 -0.00290518 -44.001 4500.42 3.929
4.42731 -0.00291039 -50.79 4500.42 3.929
4.3893 -0.00290236 -44.401 4500.42 3.929
4.3441 -0.00290741 -44.801 4500.42 3.929
4.2993 -0.0029086 -44.8 4500.42 3.929
4.2545 -0.00290994 -44.801 4500.42 3.929
4.2113 -0.00290675 -44 4500.42 3.929
4.1657 -0.00290979 -44.801 4500.42 3.929
4.1209 -0.00290563 -44.8 4500.42 3.929
4.0769 -0.0029031 -44.401 4500.42 3.929
4.0325 -0.00291485 -44.4 4500.42 3.929
3.9881 -0.00290712 -44.401 4500.42 3.929
3.9445 -0.0029031 -44 4500.42 3.929
3.8989 -0.00290548 -44.8 4500.42 3.929
3.8541 -0.00290444 -44.801 4500.42 3.929
3.8101 -0.0029028 -44.4 4500.42 3.929
3.7649 -0.00290325 -44.8 4500.42 3.929
3.7209 -0.00290563 -44.4 4500.42 3.929
3.6749 -0.00290533 -45.2 4500.42 3.929
3.6313 -0.0029028 -44.4 4500.42 3.929
3.5869 -0.0029086 -44.4 4500.42 3.929
3.5417 -0.00290741 -44.8 4500.42 3.929
3.4993 -0.00289998 -43.601 4500.42 3.929
3.4533 -0.00290994 -44.8 4500.42 3.929
3.4085 -0.0029063 -44.8 4500.42 3.929
3.3637 -0.00290593 -44.8 4500.42 3.929
3.3205 -0.00290771 -44.001 4500.42 3.929
3.2749 -0.00289894 -44.8 4500.42 3.929
3.2301 -0.00289715 -44.8 4500.42 3.929
3.18848 -0.00290518 -43.211 4500.42 3.929
3.14289 -0.00289938 -44.4 4500.42 3.929
3.09769 -0.00290518 -44.8 4500.42 3.929
3.05289 -0.0028976 -44.8 4500.42 3.929
3.00889 -0.00290377 -44.4 4500.42 3.929
2.96291 -0.00290771 -45.19 4500.42 3.929
2.92088 -0.00289522 -43.611 4500.42 3.929
2.87489 -0.00289908 -44.8 4500.42 3.929
2.83009 -0.00289239 -44.8 4500.42 3.929
2.78689 -0.00289641 -44.001 4500.42 3.929
2.74049 -0.00290102 -45.2 4500.42 3.929
2.69609 -0.00289789 -44.801 4500.42 3.929
2.65209 -0.00289432 -44.4 4500.42 3.929
2.60691 -0.00290154 -44.79 4500.42 3.929
2.56368 -0.00290176 -44.011 4500.42 3.929
2.52691 -0.00290429 -40.39 4500.42 3.929
2.47928 -0.00290146 -44.011 4500.42 3.929
2.43369 -0.00289313 -44.8 4500.42 3.928
2.39049 -0.00290013 -44.001 4500.42 3.928
2.34411 -0.00290236 -45.19 4500.42 3.928
2.30128 -0.00290489 -44.011 4500.42 3.928
2.25611 -0.00289894 -44.59 4500.42 3.928
2.2111 -0.00290124 -44.8 4500.42 3.928
2.1663 -0.00289923 -44.8 4500.42 3.928
2.1223 -0.00289299 -44.4 4500.42 3.928
2.0779 -0.00289834 -44.4 4500.42 3.928
2.0335 -0.00290191 -44.4 4500.42 3.928
1.9883 -0.00290057 -44.8 4500.42 3.928
1.9443 -0.00289239 -44.401 4500.42 3.928
1.8999 -0.00289715 -44.4 4500.42 3.928
1.85708 -0.00289284 -43.61 4500.42 3.928
1.81189 -0.00289343 -44.4 4500.42 3.928
1.76831 -0.00289299 -43.99 4500.42 3.928
1.72268 -0.00289016 -44.811 4500.42 3.928
1.67951 -0.00288614 -43.99 4500.42 3.928
1.6347 -0.00288555 -44.4 4500.42 3.928
1.5895 -0.00289551 -44.8 4500.42 3.928
1.5455 -0.00288808 -44.4 4500.42 3.928
1.5003 -0.00288436 -44.801 4500.42 3.928
1.45548 -0.00289165 -44.811 4500.42 3.928
1.41391 -0.00288629 -43.19 4500.42 3.928
1.3675 -0.00288867 -44.8 4500.42 3.928
1.32508 -0.0028915 -43.611 4500.42 3.928
1.27909 -0.00288094 -44.8 4500.42 3.928
1.23431 -0.00288495 -44.791 4500.42 3.928
1.19028 -0.00288882 -44.41 4500.42 3.928
1.14511 -0.00288912 -44.791 4500.42 3.928
1.10108 -0.00289537 -44.411 4500.42 3.928
1.05591 -0.00288391 -44.79 4500.42 3.928
1.0111 -0.00288265 -44.8 4500.42 3.928
0.969799 -0.00288495 -43.051 4500.42 3.928
0.987149 -0.00288272 -12.851 4500.42 3.928
