Положение (мм) ,Сигнал усреднённый (В), Δ (мкм), Кол-во выборок сигнала АЦП:10 Энергия пучка: Ток пучка: 
23.8366 -0.00280285 -74.06 4500.42 4.075
23.7986 -0.00280344 -56.021 4500.42 4.075
23.7437 -0.0028027 -55.48 4500.42 4.075
23.687 -0.00280076 -56.061 4500.42 4.075
23.6312 -0.00279972 -55.95 4500.42 4.075
23.5752 -0.00280136 -55.981 4500.42 4.075
23.5191 -0.00280508 -56.03 4500.42 4.075
23.4641 -0.00280076 -55.49 4500.42 4.075
23.4087 -0.00280344 -55.47 4500.42 4.079
23.354 -0.00280835 -55.051 4500.42 4.079
23.2971 -0.00280047 -55.98 4500.42 4.079
23.2411 -0.00280285 -56.021 4500.42 4.079
23.1852 -0.00280121 -55.931 4500.42 4.079
23.1321 -0.00279972 -54.55 4500.42 4.079
23.0747 -0.00279987 -55.961 4500.42 4.079
23.0196 -0.00280478 -55.53 4500.42 4.079
22.9651 -0.00279957 -55.021 4500.42 4.079
22.9101 -0.00279972 -55 4500.42 4.079
22.8532 -0.00280106 -55.94 4500.42 4.079
22.7981 -0.00280061 -55.531 4500.42 4.079
22.7426 -0.00280091 -55.5 4500.42 4.079
22.6862 -0.0028027 -55.97 4500.42 4.079
22.6301 -0.0028027 -56.03 4500.42 4.079
22.5741 -0.00279898 -56.041 4500.42 4.079
22.5181 -0.0028088 -55.98 4500.42 4.079
22.4662 -0.00280746 -53.97 4500.42 4.079
22.4081 -0.00280292 -56.001 4500.42 4.079
22.3521 -0.0028027 -56.04 4500.42 4.079
22.2961 -0.00280091 -56.021 4500.42 4.079
22.2422 -0.00280032 -54.951 4500.42 4.079
22.185 -0.00280285 -56.07 4500.42 4.079
22.1292 -0.00280091 -55.931 4500.42 4.079
22.073 -0.00280389 -56.081 4500.42 4.079
22.0171 -0.00280285 -55.96 4500.42 4.079
21.9621 -0.0028079 -55.511 4500.42 4.079
21.9077 -0.00280106 -54.97 4500.42 4.079
21.8526 -0.00280232 -55.011 4500.42 4.079
21.7976 -0.00280404 -54.99 4500.42 4.079
21.7407 -0.00280523 -55.971 4500.42 4.079
21.6846 -0.0027966 -56.05 4500.42 4.079
21.6287 -0.00280627 -55.971 4500.42 4.079
21.5727 -0.00280969 -55.98 4500.42 4.079
21.5176 -0.00280374 -55.511 4500.42 4.079
21.4622 -0.00280359 -55.47 4500.42 4.079
21.4055 -0.00279682 -56.07 4500.42 4.079
21.3514 -0.00280463 -55.081 4500.42 4.079
21.2947 -0.00279585 -55.911 4500.42 4.079
21.2406 -0.0028027 -55.01 4500.42 4.079
21.1847 -0.00280537 -55.47 4500.42 4.079
21.1291 -0.0028018 -55.511 4500.42 4.079
21.0737 -0.00279823 -55.48 4500.42 4.079
21.0171 -0.00280076 -56.001 4500.42 4.079
20.9611 -0.0028018 -56.01 4500.42 4.079
20.9051 -0.0028024 -56.031 4500.42 4.079
20.8491 -0.00280954 -55.98 4500.42 4.079
20.7951 -0.00280597 -55 4500.42 4.079
20.7381 -0.00280686 -56.03 4500.42 4.079
20.682 -0.00279972 -56.021 4500.42 4.079
20.6261 -0.00280924 -55.971 4500.42 4.079
20.5722 -0.00280433 -54.97 4500.42 4.079
20.5152 -0.00280404 -55.951 4500.42 4.079
20.4589 -0.00280954 -56.12 4500.42 4.079
20.4036 -0.00280166 -55.74 4500.42 4.079
20.3468 -0.00280924 -56.251 4500.42 4.079
20.2927 -0.00281073 -55.181 4500.42 4.079
20.2353 -0.00280091 -56.291 4500.42 4.079
20.1831 -0.00280032 -54.25 4500.42 4.079
20.1264 -0.00280463 -55.49 4500.42 4.079
20.0708 -0.00280597 -55.521 4500.42 4.079
20.0154 -0.0028079 -55.451 4500.42 4.079
19.9588 -0.00280894 -56.04 4500.42 4.079
19.9029 -0.0028079 -56 4500.42 4.079
19.8479 -0.00280589 -55.471 4500.42 4.079
19.7924 -0.0028021 -55.5 4500.42 4.079
19.7358 -0.00280329 -56.021 4500.42 4.079
19.6808 -0.00280463 -55.51 4500.42 4.079
19.6254 -0.00280939 -55.451 4500.42 4.079
19.5689 -0.00280433 -55.981 4500.42 4.079
19.5139 -0.00280716 -55.531 4500.42 4.079
19.4584 -0.00280835 -55.48 4500.42 4.079
19.4019 -0.0028024 -56.021 4500.42 4.079
19.3458 -0.00280002 -56.021 4500.42 4.079
19.2899 -0.00279875 -56 4500.42 4.079
19.2348 -0.00280344 -55.521 4500.42 4.079
19.1794 -0.00280478 -55.47 4500.42 4.079
19.1249 -0.00280493 -55.01 4500.42 4.079
19.0689 -0.00280344 -55.491 4500.42 4.079
19.0133 -0.00279942 -55.52 4500.42 4.079
18.9609 -0.00280404 -53.97 4500.42 4.079
18.902 -0.00280047 -56.461 4500.42 4.079
18.8486 -0.00279585 -54.94 4500.42 4.079
18.7912 -0.00280292 -56.141 4500.42 4.079
18.7364 -0.00280061 -55.49 4500.42 4.079
18.6819 -0.00279734 -54.991 4500.42 4.079
18.6258 -0.00280359 -55.541 4500.42 4.079
18.5694 -0.00280151 -55.99 4500.42 4.079
18.5164 -0.00280121 -54.471 4500.42 4.079
18.4588 -0.0027969 -56.04 4500.42 4.079
18.4019 -0.00280418 -56.461 4500.42 4.079
18.3482 -0.00279898 -55.081 4500.42 4.075
18.2904 -0.00280374 -56.45 4500.42 4.075
18.2358 -0.00280322 -55.5 4500.42 4.075
18.1815 -0.00280032 -54.941 4500.42 4.075
18.1243 -0.00280285 -56.04 4500.42 4.075
18.0683 -0.00280076 -56.021 4500.42 4.075
18.0134 -0.00280344 -55.47 4500.42 4.075
17.9569 -0.00280404 -56.001 4500.42 4.075
17.901 -0.00280716 -55.931 4500.42 4.075
17.8458 -0.00279571 -55.59 4500.42 4.075
17.7893 -0.00279742 -56.001 4500.42 4.075
17.7333 -0.0027963 -56.001 4500.42 4.075
17.6783 -0.00279407 -55.51 4500.42 4.075
17.6238 -0.0028027 -55.01 4500.42 4.075
17.568 -0.00279585 -55.401 4500.42 4.075
17.5135 -0.00281058 -54.95 4500.42 4.075
17.4563 -0.00279868 -56.071 4500.42 4.075
17.4034 -0.00279585 -54.501 4500.42 4.075
17.3457 -0.00280017 -56.09 4500.42 4.075
17.2924 -0.00280314 -54.711 4500.42 4.075
17.2362 -0.00280076 -55.451 4500.42 4.075
17.1805 -0.00279987 -55.56 4500.42 4.075
17.1252 -0.00280091 -55.47 4500.42 4.075
17.0706 -0.00280285 -55.01 4500.42 4.075
17.0146 -0.00279838 -55.491 4500.42 4.075
16.9751 -0.00280418 -47.5 4500.42 4.075
16.9116 -0.00279853 -55.531 4500.42 4.075
16.8551 -0.00280017 -56.01 4500.42 4.075
16.8 -0.00280359 -55.56 4500.42 4.075
16.7438 -0.00280136 -55.881 4500.42 4.075
16.6886 -0.00280166 -55.521 4500.42 4.075
16.6321 -0.0028027 -56 4500.42 4.075
16.5781 -0.00280493 -55.031 4500.42 4.075
16.5222 -0.00279972 -55.47 4500.42 4.075
16.4668 -0.0028024 -55.43 4500.42 4.075
16.4111 -0.00280597 -55.56 4500.42 4.075
16.3556 -0.00279972 -55.531 4500.42 4.075
16.3012 -0.00279957 -54.941 4500.42 4.075
16.2461 -0.00280299 -55.06 4500.42 4.075
16.1931 -0.00280374 -54.001 4500.42 4.075
16.1361 -0.00279749 -55.5 4500.42 4.075
16.0796 -0.00279571 -56.011 4500.42 4.075
16.0267 -0.00279868 -54.46 4500.42 4.075
15.9731 -0.00280262 -54.001 4500.42 4.075
15.8071 -0.00280292 -110 4500.42 4.075
15.6942 -0.00280612 -111.471 4500.42 4.075
15.5845 -0.00280389 -110.6 4500.42 4.075
15.4722 -0.00280842 -111.46 4500.42 4.075
15.4736 -0.00280642 -55.021 4500.42 4.075
15.3078 -0.00280917 -110.41 4500.42 4.075
15.1971 -0.00280731 -110.55 4500.42 4.075
15.0867 -0.0028079 -110.48 4500.42 4.075
14.9751 -0.002814 -111.011 4500.42 4.075
14.9762 -0.00281132 -54.96 4500.42 4.075
14.923 -0.00281608 -54.111 4500.42 4.075
14.8652 -0.0028085 -55.94 4500.42 4.075
14.8112 -0.00281132 -54.96 4500.42 4.075
14.7541 -0.00281103 -56.041 4500.42 4.075
14.6991 -0.00281296 -55.5 4500.42 4.075
14.6437 -0.00281311 -55.471 4500.42 4.075
14.587 -0.002814 -56.06 4500.42 4.075
14.5342 -0.00280612 -54.461 4500.42 4.075
14.4777 -0.00280761 -55.47 4500.42 4.075
14.4221 -0.00281132 -55.52 4500.42 4.075
14.3756 -0.00280612 -51.031 4500.42 4.075
14.3096 -0.0028082 -58.49 4500.42 4.075
14.2581 -0.00281088 -55.001 4500.42 4.075
14.203 -0.00281668 -55.06 4500.42 4.075
14.1482 -0.00280805 -54.96 4500.42 4.075
14.0931 -0.0028088 -55.021 4500.42 4.075
14.0372 -0.00280671 -55.44 4500.42 4.075
13.9805 -0.00280969 -56.071 4500.42 4.075
13.9246 -0.00281103 -55.971 4500.42 4.075
13.8696 -0.00281028 -55.501 4500.42 4.075
13.8131 -0.00280969 -56.021 4500.42 4.075
13.7592 -0.00280984 -54.96 4500.42 4.075
13.706 -0.00280716 -54.051 4500.42 4.075
13.6481 -0.00281445 -56.001 4500.42 4.075
13.5932 -0.00281073 -55.44 4500.42 4.075
13.5375 -0.00280909 -55.551 4500.42 4.075
13.4831 -0.00281757 -55.01 4500.42 4.075
13.4282 -0.00281341 -54.961 4500.42 4.075
13.3712 -0.00281266 -55.95 4500.42 4.071
13.3168 -0.00281653 -55.171 4500.42 4.071
13.2592 -0.00281415 -56.41 4500.42 4.071
13.2047 -0.00280642 -55.47 4500.42 4.071
13.1493 -0.00281341 -55.411 4500.42 4.071
13.0946 -0.00281118 -55.061 4500.42 4.071
13.0386 -0.00280939 -55.51 4500.42 4.071
12.9831 -0.00280597 -55.51 4500.42 4.071
12.9447 -0.00280567 -46.95 4500.42 4.071
12.8805 -0.00281683 -55.601 4500.42 4.071
12.8251 -0.00281549 -55.481 4500.42 4.071
12.7706 -0.00281683 -55 4500.42 4.071
12.7141 -0.002814 -55.731 4500.42 4.071
12.6589 -0.00281311 -55.49 4500.42 4.071
12.6024 -0.00281549 -55.98 4500.42 4.071
12.5464 -0.00281118 -56.001 4500.42 4.071
12.4903 -0.00281564 -56.06 4500.42 4.071
12.4354 -0.0028201 -55.481 4500.42 4.071
12.3797 -0.00281876 -55.56 4500.42 4.071
12.3244 -0.00282486 -55.47 4500.42 4.071
12.2699 -0.00282114 -54.941 4500.42 4.071
12.2139 -0.00282322 -55.491 4500.42 4.071
12.1593 -0.00282769 -55.06 4500.42 4.071
12.1034 -0.00282531 -55.451 4500.42 4.071
12.0479 -0.00282612 -55.49 4500.42 4.071
11.9913 -0.00282382 -56.071 4500.42 4.071
11.9373 -0.00282233 -55.011 4500.42 4.071
11.8814 -0.00282783 -55.44 4500.42 4.071
11.8248 -0.00282783 -56.051 4500.42 4.071
11.7699 -0.00282471 -55.47 4500.42 4.071
11.7144 -0.00282709 -55.491 4500.42 4.071
11.6579 -0.00282159 -56 4500.42 4.071
11.6049 -0.0028262 -54.48 4500.42 4.071
11.5505 -0.0028265 -54.461 4500.42 4.071
11.4929 -0.00282731 -56.021 4500.42 4.071
11.4378 -0.00282263 -55.54 4500.42 4.071
11.3814 -0.00282322 -55.961 4500.42 4.071
11.3273 -0.00282828 -55.05 4500.42 4.071
11.2713 -0.00282501 -55.51 4500.42 4.071
11.2148 -0.00282783 -56.001 4500.42 4.071
11.1589 -0.00281787 -56 4500.42 4.071
11.1038 -0.00282501 -55.52 4500.42 4.071
11.0483 -0.002823 -55.521 4500.42 4.071
10.994 -0.00282159 -54.91 4500.42 4.071
10.9391 -0.00281534 -54.92 4500.42 4.071
10.8828 -0.00282337 -55.591 4500.42 4.071
10.8284 -0.00282159 -54.991 4500.42 4.071
10.7714 -0.00282397 -55.99 4500.42 4.071
10.7153 -0.00282709 -56.071 4500.42 4.071
10.6594 -0.00282992 -55.961 4500.42 4.071
10.6033 -0.00282218 -56.04 4500.42 4.071
10.5494 -0.00282598 -54.971 4500.42 4.071
10.4933 -0.00282813 -55.51 4500.42 4.071
10.4399 -0.00282426 -54.48 4500.42 4.071
10.3834 -0.00282233 -55.501 4500.42 4.071
10.3277 -0.00282828 -55.58 4500.42 4.071
10.2735 -0.00282679 -54.9 4500.42 4.071
10.2163 -0.00283185 -56.04 4500.42 4.071
10.1604 -0.0028265 -56.001 4500.42 4.071
10.1044 -0.00282426 -55.971 4500.42 4.071
10.0483 -0.00282605 -56.05 4500.42 4.071
9.99252 -0.00282501 -55.911 4500.42 4.071
9.93631 -0.00282769 -56.061 4500.42 4.071
9.88033 -0.00282352 -56.021 4500.42 4.071
9.82521 -0.00282337 -55.57 4500.42 4.071
9.76938 -0.0028323 -55.7 4500.42 4.071
9.7142 -0.00281534 -55.44 4500.42 4.071
9.65758 -0.0028259 -56.031 4500.42 4.071
9.60369 -0.00282352 -54.96 4500.42 4.071
9.54765 -0.00282538 -55.501 4500.42 4.071
9.49213 -0.0028256 -55.51 4500.42 4.071
9.4516 -0.00282605 -48.02 4500.42 4.071
9.38758 -0.00282025 -56.021 4500.42 4.071
9.33156 -0.00281415 -56.021 4500.42 4.071
9.27662 -0.00281787 -55.48 4500.42 4.071
9.22012 -0.00281727 -55.991 4500.42 4.071
9.16521 -0.00282203 -55.45 4500.42 4.071
9.10968 -0.00282412 -55.491 4500.42 4.071
9.05307 -0.00282099 -56.05 4500.42 4.071
8.99704 -0.00282635 -56.041 4500.42 4.071
8.94116 -0.00281928 -55.96 4500.42 4.071
8.88516 -0.0028204 -55.98 4500.42 4.071
8.82998 -0.0028198 -55.581 4500.42 4.071
8.77376 -0.00282441 -55.9 4500.42 4.071
8.71848 -0.00282248 -55.591 4500.42 4.071
8.66217 -0.00283021 -55.95 4500.42 4.071
8.60714 -0.00282754 -55.491 4500.42 4.071
8.55159 -0.00283215 -55.52 4500.42 4.071
8.49511 -0.00282806 -56.001 4500.42 4.071
8.44229 -0.00282917 -54.41 4500.42 4.071
8.38446 -0.0028259 -56.12 4500.42 4.071
8.32862 -0.00282694 -55.98 4500.42 4.071
8.27368 -0.00283111 -55.461 4500.42 4.071
8.21714 -0.00282783 -56.001 4500.42 4.071
8.16316 -0.00283304 -54.991 4500.42 4.071
8.10607 -0.00283007 -56.04 4500.42 4.071
8.05121 -0.00283914 -55.451 4500.42 4.071
7.9986 -0.00283155 -54.03 4500.42 4.071
7.94253 -0.00282471 -55.051 4500.42 4.071
7.88668 -0.00282813 -55.451 4500.42 4.071
7.83111 -0.00283051 -55.51 4500.42 4.071
7.77562 -0.00282754 -55.5 4500.42 4.071
7.72018 -0.00282724 -55.471 4500.42 4.071
7.66463 -0.00283408 -55.51 4500.42 4.071
7.61012 -0.00283468 -55.01 4500.42 4.071
7.55505 -0.00283765 -55.041 4500.42 4.071
7.49917 -0.00283773 -55.46 4500.42 4.071
7.44175 -0.00286101 -56.441 4500.42 4.071
7.38797 -0.00295397 -55.11 4500.42 4.071
7.33114 -0.003135 -55.971 4500.42 4.071
7.27599 -0.0034136 -55.56 4500.42 4.071
7.21965 -0.00372493 -55.951 4500.42 4.071
7.16666 -0.00407196 -54.471 4500.42 4.071
7.11021 -0.00461578 -55.46 4500.42 4.071
7.05353 -0.00518905 -56.071 4500.42 4.071
6.99862 -0.00559141 -55.491 4500.42 4.071
6.94205 -0.00598872 -56.03 4500.42 4.071
6.88812 -0.00637769 -54.98 4500.42 4.071
6.83118 -0.00678749 -55.961 4500.42 4.071
6.77514 -0.00719193 -56 4500.42 4.071
6.72012 -0.00755919 -55.511 4500.42 4.071
6.66455 -0.00784062 -55.54 4500.42 4.071
6.60911 -0.00799472 -55.49 4500.42 4.071
6.5526 -0.00813804 -56.001 4500.42 4.071
6.49766 -0.0082107 -55.47 4500.42 4.071
6.44319 -0.00822543 -54.97 4500.42 4.071
6.38608 -0.00826499 -56.041 4500.42 4.071
6.33008 -0.00826306 -56.021 4500.42 4.071
6.2742 -0.00825339 -55.951 4500.42 4.071
6.21815 -0.0082885 -56.001 4500.42 4.071
6.16209 -0.00827823 -56.03 4500.42 4.071
6.1052 -0.00829474 -56.46 4500.42 4.071
6.05156 -0.00828746 -55.051 4500.42 4.071
5.99561 -0.00828835 -55.5 4500.42 4.071
5.94311 -0.00829385 -54.001 4500.42 4.071
5.89119 -0.00827868 -52.961 4500.42 4.069
5.82613 -0.00828463 -59.01 4500.42 4.069
5.77406 -0.00827764 -55.54 4500.42 4.069
5.7176 -0.00826276 -56.001 4500.42 4.069
5.66262 -0.00830769 -55.49 4500.42 4.069
5.60617 -0.00827831 -55.971 4500.42 4.069
5.55118 -0.0082757 -55.481 4500.42 4.069
5.49564 -0.00824551 -55.51 4500.42 4.069
5.44117 -0.00829861 -54.991 4500.42 4.069
5.38554 -0.00825414 -55.31 4500.42 4.069
5.32981 -0.00828716 -55.521 4500.42 4.069
5.27331 -0.00828448 -56.01 4500.42 4.069
5.21732 -0.0082638 -56.001 4500.42 4.069
5.16246 -0.00829817 -55.431 4500.42 4.069
5.10579 -0.0082818 -56.05 4500.42 4.069
5.05086 -0.0082885 -55.49 4500.42 4.069
4.99537 -0.00825205 -55.49 4500.42 4.069
4.93988 -0.00829683 -55.49 4500.42 4.069
4.88331 -0.00825548 -56.031 4500.42 4.069
4.82736 -0.00826797 -55.99 4500.42 4.069
4.77143 -0.00830456 -55.96 4500.42 4.069
4.71531 -0.00824953 -56.041 4500.42 4.069
4.66049 -0.0082995 -55.431 4500.42 4.069
4.60394 -0.00828143 -55.99 4500.42 4.069
4.54779 -0.00829936 -56.071 4500.42 4.069
4.49292 -0.00826663 -55.47 4500.42 4.069
4.43633 -0.00828403 -56.031 4500.42 4.069
4.38142 -0.0082943 -55.47 4500.42 4.069
4.32477 -0.00827184 -56.061 4500.42 4.069
4.26897 -0.00829668 -55.93 4500.42 4.069
4.21284 -0.00829653 -56.031 4500.42 4.069
4.15785 -0.00829251 -55.51 4500.42 4.069
4.10242 -0.0082882 -55.47 4500.42 4.069
4.04567 -0.00833773 -56.111 4500.42 4.069
3.98992 -0.00829698 -55.931 4500.42 4.069
3.93395 -0.00833461 -55.95 4500.42 4.069
3.8788 -0.00836242 -55.551 4500.42 4.069
3.82329 -0.00837804 -55.53 4500.42 4.069
3.76694 -0.00843858 -55.941 4500.42 4.069
3.71196 -0.00845628 -55.461 4500.42 4.069
3.65528 -0.00853839 -56.071 4500.42 4.069
3.60035 -0.00847949 -55.5 4500.42 4.069
3.54597 -0.00834398 -54.941 4500.42 4.069
3.49181 -0.00822528 -54.55 4500.42 4.069
3.43528 -0.00810926 -55.541 4500.42 4.069
3.37984 -0.00807906 -55.49 4500.42 4.069
3.32339 -0.0080984 -55.97 4500.42 4.069
3.26744 -0.00814391 -55.961 4500.42 4.069
3.21334 -0.00817976 -55.03 4500.42 4.069
3.15753 -0.00818185 -55.42 4500.42 4.069
3.10173 -0.0082078 -55.611 4500.42 4.069
3.04654 -0.00824194 -55.401 4500.42 4.069
2.99076 -0.00820802 -55.591 4500.42 4.069
2.93439 -0.00824194 -55.98 4500.42 4.069
2.87957 -0.00822379 -55.401 4500.42 4.069
2.82283 -0.00821011 -56.071 4500.42 4.069
2.76682 -0.00822825 -56.04 4500.42 4.069
2.7099 -0.00820579 -56.481 4500.42 4.069
2.65632 -0.00816288 -55.03 4500.42 4.069
2.59935 -0.00810256 -56.001 4500.42 4.069
2.54343 -0.00799903 -55.96 4500.42 4.069
2.48841 -0.00787632 -55.491 4500.42 4.069
2.43282 -0.00761973 -55.54 4500.42 4.069
2.3794 -0.00729948 -54.481 4500.42 4.069
2.32184 -0.00692508 -56.02 4500.42 4.069
2.26628 -0.00651186 -55.791 4500.42 4.069
2.21017 -0.00614133 -55.951 4500.42 4.069
2.15508 -0.00554508 -55.521 4500.42 4.069
2.09962 -0.00495581 -55.49 4500.42 4.069
2.04401 -0.00457681 -55.551 4500.42 4.069
1.99062 -0.00418575 -54.47 4500.42 4.069
1.93415 -0.00382727 -55.471 4500.42 4.069
1.87858 -0.00348976 -55.521 4500.42 4.069
1.82298 -0.0032 -55.56 4500.42 4.069
1.76666 -0.00297911 -55.941 4500.42 4.069
1.71272 -0.00286532 -54.94 4500.42 4.069
1.65658 -0.00283929 -55.54 4500.42 4.069
1.60018 -0.00283713 -55.971 4500.42 4.069
1.54511 -0.00283066 -55.521 4500.42 4.069
1.48865 -0.00282873 -55.99 4500.42 4.069
1.43262 -0.00282932 -56.011 4500.42 4.069
1.37655 -0.00282828 -56.04 4500.42 4.069
1.32063 -0.00282843 -55.981 4500.42 4.069
1.26573 -0.00283869 -55.44 4500.42 4.069
1.21211 -0.00283721 -54.53 4500.42 4.069
1.15556 -0.00283483 -55.54 4500.42 4.069
1.09902 -0.00283259 -56.041 4500.42 4.069
1.0443 -0.00282843 -55.38 4500.42 4.069
0.99164 -0.00283483 -54.02 4500.42 4.069
