Положение (мм) ,Сигнал усреднённый (В), Δ (мкм), Кол-во выборок сигнала АЦП:10 Энергия пучка: Ток пучка: 
1.42566 -0.00284546 68.289 4500.42 4.064
1.46837 -0.00284673 55.5 4500.42 4.064
1.52303 -0.00284375 55.08 4500.42 4.064
1.57783 -0.0028497 54.939 4500.42 4.064
1.63377 -0.00287276 55.439 4500.42 4.064
1.68735 -0.00296676 54.51 4500.42 4.064
1.74294 -0.00317099 55.049 4500.42 4.064
1.79787 -0.00347013 54.99 4500.42 4.064
1.85488 -0.00380719 56 4500.42 4.064
1.90978 -0.00436804 55.45 4500.42 4.064
1.96537 -0.004946 55.52 4500.42 4.064
2.02091 -0.00533839 55.529 4500.42 4.064
2.07638 -0.00573332 55.5 4500.42 4.064
2.13194 -0.006133 55.53 4500.42 4.064
2.17141 -0.00653283 47.499 4500.42 4.064
2.23679 -0.00694739 56.439 4500.42 4.064
2.28931 -0.00730587 54.48 4500.42 4.064
2.34591 -0.00765186 55.539 4500.42 4.064
2.40231 -0.00790012 55.97 4500.42 4.064
2.45844 -0.00804143 56.049 4500.42 4.064
2.51329 -0.00817909 55.45 4500.42 4.064
2.56986 -0.00826961 56.01 4500.42 4.064
2.62493 -0.00822632 55.539 4500.42 4.064
2.68139 -0.00828344 56 4500.42 4.064
2.73625 -0.00828701 55.43 4500.42 4.064
2.79184 -0.00827898 55.509 4500.42 4.064
2.84847 -0.00829088 56.07 4500.42 4.064
2.90432 -0.00827154 55.959 4500.42 4.064
2.95942 -0.00827794 55.53 4500.42 4.064
3.01483 -0.00824402 55.47 4500.42 4.064
3.07032 -0.00820817 55.479 4500.42 4.064
3.12484 -0.00816355 55 4500.42 4.064
3.18092 -0.00814496 55.539 4500.42 4.064
3.23742 -0.00820981 56.02 4500.42 4.064
3.29236 -0.00837299 55.48 4500.42 4.064
3.3469 -0.00849704 55.009 4500.42 4.064
3.40379 -0.00855267 55.95 4500.42 4.064
3.45984 -0.00856294 56 4500.42 4.064
3.51588 -0.00854747 56.019 4500.42 4.064
3.57088 -0.00848871 55.509 4500.42 4.064
3.62631 -0.00846328 55.47 4500.42 4.064
3.68276 -0.00842207 55.959 4500.42 4.064
3.73888 -0.00840749 56.04 4500.42 4.064
3.79396 -0.00839931 55.559 4500.42 4.064
3.85032 -0.00837016 55.96 4500.42 4.064
3.90538 -0.00838355 55.509 4500.42 4.064
3.96087 -0.00836733 55.499 4500.42 4.064
4.01735 -0.00835357 55.989 4500.42 4.064
4.07336 -0.00835885 56 4500.42 4.064
4.12752 -0.00836138 55.08 4500.42 4.064
4.18422 -0.00836376 55.889 4500.42 4.064
4.23949 -0.00834086 55.579 4500.42 4.064
4.29583 -0.00836019 55.959 4500.42 4.064
4.35181 -0.00835573 55.97 4500.42 4.064
4.40788 -0.00834353 56.02 4500.42 4.064
4.46382 -0.00836071 55.979 4500.42 4.064
4.51992 -0.00834933 56.039 4500.42 4.064
4.57482 -0.00832316 55.47 4500.42 4.064
4.62937 -0.00833818 55.01 4500.42 4.064
4.68628 -0.00833505 55.959 4500.42 4.064
4.72724 -0.00833416 48.459 4500.42 4.061
4.7899 -0.00831869 55.56 4500.42 4.061
4.84634 -0.00836034 55.999 4500.42 4.061
4.90242 -0.00831497 56.04 4500.42 4.061
4.95838 -0.00833357 56 4500.42 4.061
5.0134 -0.00832546 55.509 4500.42 4.061
5.06871 -0.00836257 55.41 4500.42 4.061
5.12336 -0.00832107 55.029 4500.42 4.061
5.18037 -0.00832658 56.02 4500.42 4.061
5.23635 -0.00834963 56 4500.42 4.061
5.29185 -0.00832658 55.75 4500.42 4.061
5.3481 -0.00832316 55.999 4500.42 4.061
5.4041 -0.00832792 56 4500.42 4.061
5.46022 -0.00831096 56.06 4500.42 4.061
5.51406 -0.00833401 54.949 4500.42 4.061
5.57005 -0.00835737 55.469 4500.42 4.061
5.6257 -0.00833862 55.56 4500.42 4.061
5.68212 -0.00834993 55.989 4500.42 4.061
5.73801 -0.00833758 55.94 4500.42 4.061
5.79415 -0.00832256 56.039 4500.42 4.061
5.85015 -0.00836986 56.02 4500.42 4.061
5.90619 -0.00832241 56.029 4500.42 4.061
5.96118 -0.00834956 55.509 4500.42 4.061
6.01651 -0.00833015 55.42 4500.42 4.061
6.07315 -0.00835573 56.029 4500.42 4.061
6.12718 -0.00831661 55.029 4500.42 4.061
6.18401 -0.0083184 55.93 4500.42 4.061
6.23804 -0.00833818 54.98 4500.42 4.061
6.29424 -0.00827719 55.589 4500.42 4.061
6.35055 -0.00829474 55.95 4500.42 4.061
6.40656 -0.00826425 55.979 4500.42 4.061
6.46166 -0.00818296 55.539 4500.42 4.061
6.517 -0.00804366 55.44 4500.42 4.061
6.5737 -0.00789506 56.069 4500.42 4.061
6.62963 -0.00762925 56 4500.42 4.061
6.68453 -0.00725872 55.45 4500.42 4.061
6.739 -0.00687317 54.96 4500.42 4.061
6.79622 -0.00644091 56.089 4500.42 4.061
6.85209 -0.00603855 55.979 4500.42 4.061
6.90715 -0.00565671 55.52 4500.42 4.061
6.96253 -0.00523471 55.449 4500.42 4.061
7.0181 -0.00467349 55.509 4500.42 4.061
7.07467 -0.00410691 56.04 4500.42 4.061
7.13055 -0.00376836 55.959 4500.42 4.061
7.18457 -0.00343205 54.99 4500.42 4.061
7.2417 -0.00315508 56.06 4500.42 4.061
7.2976 -0.00295204 55.979 4500.42 4.061
7.35256 -0.00285535 55.469 4500.42 4.061
7.40811 -0.00283126 55.509 4500.42 4.061
7.46356 -0.00282709 55.48 4500.42 4.061
7.51914 -0.00282233 55.53 4500.42 4.061
7.57469 -0.00282516 55.539 4500.42 4.061
7.63107 -0.00281638 55.959 4500.42 4.061
7.68609 -0.0028201 55.49 4500.42 4.061
7.74162 -0.00282055 55.509 4500.42 4.061
7.79817 -0.00282025 56.029 4500.42 4.061
7.85096 -0.00283155 54.409 4500.42 4.061
7.90873 -0.00282575 56.09 4500.42 4.061
7.96464 -0.00281928 56 4500.42 4.061
8.0205 -0.00282307 55.93 4500.42 4.061
8.07675 -0.00281549 56.089 4500.42 4.061
8.13256 -0.0028265 55.95 4500.42 4.061
8.18761 -0.00282144 55.5 4500.42 4.061
8.24207 -0.00282724 54.979 4500.42 4.061
8.29853 -0.00281608 55.72 4500.42 4.061
8.35399 -0.00282531 55.59 4500.42 4.061
8.41032 -0.00282144 55.959 4500.42 4.061
8.46634 -0.00281437 55.989 4500.42 4.061
8.52135 -0.00281251 55.5 4500.42 4.061
8.57783 -0.00281638 55.989 4500.42 4.061
8.63186 -0.0028079 55.01 4500.42 4.061
8.68789 -0.00281281 55.519 4500.42 4.061
8.74337 -0.00281891 55.5 4500.42 4.061
8.79977 -0.00281668 55.949 4500.42 4.061
8.85484 -0.00281698 55.509 4500.42 4.061
8.91041 -0.00281013 55.54 4500.42 4.061
8.96383 -0.00280589 54.479 4500.42 4.061
9.02039 -0.0028088 55.519 4500.42 4.061
9.07389 -0.00280701 54.51 4500.42 4.061
9.13132 -0.00281296 55.97 4500.42 4.061
9.18729 -0.00280537 55.97 4500.42 4.061
9.24242 -0.00280894 55.55 4500.42 4.061
9.29873 -0.00280716 55.93 4500.42 4.061
9.3558 -0.00280642 56.499 4500.42 4.061
9.41148 -0.00281013 56.089 4500.42 4.061
9.46625 -0.00279868 55.429 4500.42 4.061
9.52294 -0.00280746 56.06 4500.42 4.061
9.57884 -0.00280493 55.979 4500.42 4.061
9.63288 -0.00280761 55.01 4500.42 4.061
9.68987 -0.00279794 55.999 4500.42 4.063
9.74581 -0.00280463 55.97 4500.42 4.063
9.80096 -0.0028085 55.559 4500.42 4.063
9.85736 -0.00280478 55.979 4500.42 4.063
9.91328 -0.00280671 55.949 4500.42 4.063
9.96735 -0.00280656 55.01 4500.42 4.063
10.0244 -0.00280299 56.029 4500.42 4.063
10.0794 -0.00281118 55.49 4500.42 4.063
10.1339 -0.00280716 55.009 4500.42 4.063
10.1908 -0.00281073 55.949 4500.42 4.063
10.2469 -0.00280656 56.029 4500.42 4.063
10.3028 -0.00281207 55.99 4500.42 4.063
10.3578 -0.00281162 55.499 4500.42 4.063
10.4143 -0.00281013 55.99 4500.42 4.063
10.4684 -0.00281266 55.019 4500.42 4.063
10.5235 -0.0028085 55.05 4500.42 4.063
10.5793 -0.00280359 55.469 4500.42 4.063
10.6328 -0.00280716 54.459 4500.42 4.063
10.6874 -0.00281385 54.55 4500.42 4.063
10.7448 -0.00280969 55.96 4500.42 4.063
10.7989 -0.00281132 55.049 4500.42 4.063
10.8548 -0.00281222 55.469 4500.42 4.063
10.9114 -0.0028137 55.999 4500.42 4.063
10.9662 -0.00281251 55.44 4500.42 4.063
11.0219 -0.00280418 55.569 4500.42 4.063
11.0763 -0.0028143 54.99 4500.42 4.063
11.1323 -0.00281028 55.469 4500.42 4.063
11.189 -0.00280924 56.07 4500.42 4.063
11.2449 -0.00280433 55.99 4500.42 4.063
11.3009 -0.00280835 55.999 4500.42 4.063
11.3559 -0.0028018 55.5 4500.42 4.063
11.4114 -0.00280537 55.49 4500.42 4.063
11.4679 -0.00280359 55.999 4500.42 4.063
11.5219 -0.00280671 55.009 4500.42 4.063
11.5778 -0.00280047 55.45 4500.42 4.063
11.6333 -0.00280121 55.469 4500.42 4.063
11.6889 -0.00279645 55.53 4500.42 4.063
11.7444 -0.00280894 55.519 4500.42 4.063
11.8008 -0.002814 55.97 4500.42 4.063
11.8569 -0.0028024 56.01 4500.42 4.063
11.9128 -0.00280612 55.989 4500.42 4.063
11.9678 -0.00280247 55.489 4500.42 4.063
12.0235 -0.00279868 55.57 4500.42 4.063
12.0799 -0.00280166 55.999 4500.42 4.063
12.1349 -0.0027963 55.53 4500.42 4.063
12.1913 -0.00279571 55.939 4500.42 4.063
12.2463 -0.00280374 55.469 4500.42 4.063
12.3018 -0.00279913 55.509 4500.42 4.063
12.3554 -0.00280909 54.51 4500.42 4.063
12.4109 -0.0027989 55.009 4500.42 4.063
12.4668 -0.00280954 55.49 4500.42 4.063
12.5223 -0.00279898 55.469 4500.42 4.063
12.579 -0.00280136 56.089 4500.42 4.063
12.6338 -0.00280805 55.43 4500.42 4.063
12.6878 -0.00280627 54.749 4500.42 4.063
12.7441 -0.00280508 55.5 4500.42 4.063
12.7996 -0.00280389 55.509 4500.42 4.063
12.8551 -0.00280448 55.52 4500.42 4.063
12.9106 -0.00279928 55.489 4500.42 4.063
12.967 -0.00280255 55.95 4500.42 4.063
13.0221 -0.00280537 55.539 4500.42 4.063
13.0757 -0.0028079 54.529 4500.42 4.063
13.1321 -0.00279615 55.469 4500.42 4.063
13.1875 -0.00280627 55.47 4500.42 4.063
13.2441 -0.00280091 56.039 4500.42 4.063
13.3002 -0.00279214 56.029 4500.42 4.063
13.3551 -0.00280374 55.469 4500.42 4.063
13.4106 -0.0028021 55.509 4500.42 4.063
13.467 -0.00279437 55.96 4500.42 4.063
13.5232 -0.00279764 56.039 4500.42 4.063
13.5781 -0.00280002 55.469 4500.42 4.063
13.6345 -0.0028021 55.96 4500.42 4.063
13.6886 -0.00278886 55.009 4500.42 4.063
13.7448 -0.00279243 55.6 4500.42 4.063
13.8011 -0.00280136 55.979 4500.42 4.063
13.8551 -0.00280314 54.99 4500.42 4.063
13.9121 -0.00280084 55.97 4500.42 4.063
13.9681 -0.00279526 55.979 4500.42 4.063
14.0242 -0.00279526 56.04 4500.42 4.063
14.08 -0.00279392 55.959 4500.42 4.063
14.1361 -0.00279347 55.989 4500.42 4.063
14.1902 -0.00280061 55.06 4500.42 4.063
14.2471 -0.00279556 55.979 4500.42 4.063
14.302 -0.00279154 55.469 4500.42 4.063
14.3587 -0.00279466 56.07 4500.42 4.063
14.4135 -0.0027992 55.44 4500.42 4.063
14.4702 -0.00279868 56.049 4500.42 4.063
14.526 -0.00279898 55.93 4500.42 4.063
14.581 -0.00279585 55.469 4500.42 4.063
14.6297 -0.00279734 52.08 4500.42 4.063
14.6956 -0.00279214 58.989 4500.42 4.063
14.7486 -0.00279942 56.02 4500.42 4.061
14.8045 -0.00279154 55.93 4500.42 4.061
14.8607 -0.00279095 56.05 4500.42 4.061
14.9167 -0.00279504 56.02 4500.42 4.061
14.9706 -0.002796 54.99 4500.42 4.061
15.0266 -0.00280225 55.509 4500.42 4.061
15.083 -0.00279928 55.959 4500.42 4.061
15.1271 -0.00280567 49.98 4500.42 4.061
15.1991 -0.00280255 61.009 4500.42 4.061
15.234 -0.00280835 47.969 4500.42 4.061
15.2972 -0.00280463 55.559 4500.42 4.061
15.3536 -0.0028024 55.979 4500.42 4.061
15.4097 -0.00279719 56.06 4500.42 4.061
15.4655 -0.00279794 55.939 4500.42 4.061
15.5196 -0.00279898 54.98 4500.42 4.061
15.5666 -0.00279541 51.019 4500.42 4.061
15.6356 -0.00279571 59.99 4500.42 4.061
15.6716 -0.00279764 48.019 4500.42 4.061
15.7347 -0.00279928 55.54 4500.42 4.061
15.7905 -0.00278738 55.659 4500.42 4.061
