Положение (мм) ,Сигнал усреднённый (В), Δ (мкм), Кол-во выборок сигнала АЦП:10 Энергия пучка: Ток пучка: 
1.11261 -0.00285152 62.259 4500.42 4.014
1.16133 -0.00285401 55.49 4500.42 4.014
1.21664 -0.00285446 55.4 4500.42 4.014
1.27148 -0.00284658 55.12 4500.42 4.014
1.32436 -0.00284792 53.999 4500.42 4.014
1.3825 -0.00285 56.07 4500.42 4.014
1.42229 -0.00285297 47.93 4500.42 4.014
1.48646 -0.00285401 56.049 4500.42 4.014
1.54029 -0.00285 54.939 4500.42 4.014
1.59619 -0.00285253 55.42 4500.42 4.014
1.65295 -0.00287737 56.089 4500.42 4.014
1.70882 -0.00305453 55.98 4500.42 4.014
1.76382 -0.0034319 55.489 4500.42 4.014
1.82037 -0.0037642 56.02 4500.42 4.014
1.87531 -0.0041264 55.479 4500.42 4.014
1.93191 -0.00450838 56.039 4500.42 4.014
1.98783 -0.00488278 55.98 4500.42 4.014
2.04389 -0.00528321 56.019 4500.42 4.014
2.09775 -0.00566653 54.939 4500.42 4.014
2.15485 -0.00605297 56.02 4500.42 4.014
2.21083 -0.00665198 56 4500.42 4.014
2.26787 -0.00724117 56.519 4500.42 4.014
2.32129 -0.00758477 54.969 4500.42 4.014
2.3784 -0.00781771 56.04 4500.42 4.014
2.43138 -0.00801004 54.509 4500.42 4.014
2.48785 -0.00809513 55.49 4500.42 4.014
2.54326 -0.00813068 55.45 4500.42 4.014
2.59885 -0.00817575 55.52 4500.42 4.014
2.65349 -0.00819508 55.079 4500.42 4.014
2.70825 -0.00822692 54.92 4500.42 4.014
2.76523 -0.00820892 55.95 4500.42 4.014
2.82146 -0.00823465 56.089 4500.42 4.014
2.87631 -0.0081811 55.47 4500.42 4.014
2.93082 -0.00821457 54.99 4500.42 4.014
2.98787 -0.00819226 56.019 4500.42 4.014
3.04279 -0.00817158 55.47 4500.42 4.014
3.09944 -0.00812963 56.06 4500.42 4.014
3.15526 -0.00810524 55.94 4500.42 4.014
3.19536 -0.00811491 48.019 4500.42 4.012
3.2584 -0.0083033 55.53 4500.42 4.012
3.31469 -0.00843025 55.909 4500.42 4.012
3.37082 -0.00845985 56.02 4500.42 4.012
3.42484 -0.0084658 55.019 4500.42 4.012
3.47952 -0.00846744 54.85 4500.42 4.012
3.53463 -0.00845733 54.98 4500.42 4.012
3.59157 -0.00844037 55.96 4500.42 4.012
3.64755 -0.00839381 55.969 4500.42 4.012
3.70514 -0.00836347 56.779 4500.42 4.012
3.75792 -0.00834234 54.78 4500.42 4.012
3.81398 -0.0083001 55.42 4500.42 4.012
3.87052 -0.00832405 55.979 4500.42 4.012
3.92576 -0.00833267 55.61 4500.42 4.012
3.98205 -0.00829831 55.949 4500.42 4.012
4.03814 -0.00828686 56.02 4500.42 4.012
4.09298 -0.00830501 55.43 4500.42 4.012
4.14963 -0.0082943 56.039 4500.42 4.012
4.20467 -0.00828061 55.54 4500.42 4.012
4.25997 -0.00827675 55.419 4500.42 4.012
4.31657 -0.00826499 56.009 4500.42 4.012
4.3726 -0.00825369 56.02 4500.42 4.012
4.42866 -0.00828389 56.04 4500.42 4.012
4.48356 -0.00829549 55.469 4500.42 4.012
4.53811 -0.00828121 55.01 4500.42 4.012
4.59418 -0.00827347 55.539 4500.42 4.012
4.64958 -0.00827392 55.469 4500.42 4.012
4.70505 -0.0082827 55.47 4500.42 4.012
4.7597 -0.0082525 55.06 4500.42 4.012
4.81658 -0.0082763 55.969 4500.42 4.012
4.87257 -0.00824313 55.979 4500.42 4.012
4.92965 -0.00823019 56.53 4500.42 4.012
4.9841 -0.00826544 55.489 4500.42 4.012
5.03963 -0.00828567 55.509 4500.42 4.012
5.09498 -0.00825964 55.43 4500.42 4.012
5.15071 -0.0082757 55.579 4500.42 4.012
5.20695 -0.00826291 55.909 4500.42 4.012
5.26212 -0.00823353 55.539 4500.42 4.012
5.31862 -0.00825771 56.02 4500.42 4.012
5.37466 -0.00826128 56.029 4500.42 4.012
5.42975 -0.00825265 55.559 4500.42 4.012
5.48599 -0.0082708 55.9 4500.42 4.012
5.54107 -0.00825072 55.489 4500.42 4.012
5.59556 -0.008258 54.99 4500.42 4.012
5.65263 -0.00826217 56.029 4500.42 4.012
5.70652 -0.00823406 54.96 4500.42 4.012
5.7636 -0.00824834 56.02 4500.42 4.012
5.81962 -0.00823287 56.02 4500.42 4.012
5.8746 -0.0082223 55.499 4500.42 4.012
5.93108 -0.0082464 55.99 4500.42 4.012
5.98705 -0.00825934 55.979 4500.42 4.012
6.04299 -0.00825919 55.959 4500.42 4.012
6.09719 -0.00824328 55.08 4500.42 4.012
6.15305 -0.00824105 55.469 4500.42 4.012
6.2076 -0.00824067 55.01 4500.42 4.012
6.26463 -0.00820475 56.02 4500.42 4.012
6.32059 -0.00819627 55.989 4500.42 4.012
6.37468 -0.00817218 55.039 4500.42 4.012
6.43052 -0.00810212 55.439 4500.42 4.012
6.48616 -0.00808382 55.54 4500.42 4.012
6.54156 -0.00794251 55.469 4500.42 4.012
6.59805 -0.00782872 55.979 4500.42 4.012
6.65355 -0.00757615 55.74 4500.42 4.012
6.70885 -0.00701239 55.52 4500.42 4.012
6.76543 -0.00640208 56.049 4500.42 4.012
6.82142 -0.00602248 56.019 4500.42 4.012
6.87726 -0.00561506 55.93 4500.42 4.012
6.93329 -0.00523784 55.979 4500.42 4.012
6.99035 -0.00487341 56.52 4500.42 4.012
7.04597 -0.00448458 56.069 4500.42 4.012
7.1019 -0.00412982 56 4500.42 4.012
7.15678 -0.00377774 55.44 4500.42 4.012
7.21136 -0.00331632 55.009 4500.42 4.012
7.26835 -0.00296632 56 4500.42 4.012
7.32339 -0.00287276 55.52 4500.42 4.012
7.37873 -0.00283899 55.429 4500.42 4.012
7.43442 -0.00283512 55.56 4500.42 4.012
7.48888 -0.00283542 55.009 4500.42 4.012
7.54577 -0.00282813 55.95 4500.42 4.012
7.60204 -0.00282263 56.11 4500.42 4.012
7.65789 -0.00282501 55.979 4500.42 4.012
7.71385 -0.00282679 55.969 4500.42 4.012
7.7679 -0.0028317 55.01 4500.42 4.012
7.82485 -0.00283111 55.979 4500.42 4.012
7.87977 -0.00282843 55.45 4500.42 4.012
7.93642 -0.00282233 56.049 4500.42 4.012
7.99125 -0.00282084 55.439 4500.42 4.012
8.04689 -0.00282813 55.539 4500.42 4.012
8.10229 -0.00282932 55.47 4500.42 4.012
8.15886 -0.00282166 56.02 4500.42 4.007
8.2148 -0.00282352 55.979 4500.42 4.007
8.27094 -0.00282605 56.06 4500.42 4.007
8.3268 -0.00282694 55.959 4500.42 4.007
8.38284 -0.0028207 56 4500.42 4.007
8.43896 -0.00282367 56.059 4500.42 4.007
8.49384 -0.00282501 55.47 4500.42 4.007
8.55047 -0.00281713 56.049 4500.42 4.007
8.60624 -0.00281177 55.91 4500.42 4.007
8.66145 -0.00281869 55.559 4500.42 4.007
8.71877 -0.00281326 56.44 4500.42 4.007
8.77441 -0.0028204 56.039 4500.42 4.007
8.82729 -0.0028198 54.46 4500.42 4.007
8.88285 -0.00281623 55.009 4500.42 4.007
8.93988 -0.00281311 56.02 4500.42 4.007
8.99488 -0.00281519 55.509 4500.42 4.007
9.05133 -0.00280865 55.979 4500.42 4.007
9.10735 -0.00280642 55.999 4500.42 4.007
9.16339 -0.00281884 56.02 4500.42 4.007
9.21937 -0.0028198 56 4500.42 4.007
9.27533 -0.00281132 55.979 4500.42 4.007
9.33135 -0.00281475 55.999 4500.42 4.007
9.38637 -0.00281058 55.509 4500.42 4.007
9.4429 -0.00280909 56.02 4500.42 4.007
9.49686 -0.00280761 54.99 4500.42 4.007
9.55273 -0.00281549 55.429 4500.42 4.007
9.59344 -0.00281579 48.07 4500.42 4.007
9.65643 -0.00281817 55.529 4500.42 4.007
9.71272 -0.00281214 55.91 4500.42 4.007
9.76895 -0.00281162 56.07 4500.42 4.007
9.82386 -0.00281013 55.49 4500.42 4.007
9.88027 -0.00280627 55.949 4500.42 4.007
9.93532 -0.00281445 55.5 4500.42 4.007
9.9908 -0.00281995 55.489 4500.42 4.007
