Положение (мм) ,Сигнал усреднённый (В), Δ (мкм), Кол-во выборок сигнала АЦП:10 Энергия пучка: Ток пучка: 
15.8654 -0.00281091 -67.171 4500.42 4.056
15.8215 -0.00281162 -55.54 4500.42 4.056
15.7652 -0.00280478 -55.911 4500.42 4.056
15.7251 -0.00280656 -48.02 4500.42 4.056
15.6621 -0.00281088 -55.491 4500.42 4.056
15.6056 -0.00280865 -56 4500.42 4.056
15.5497 -0.00280775 -55.951 4500.42 4.056
15.4936 -0.00281103 -56.021 4500.42 4.056
15.4386 -0.00280865 -55.52 4500.42 4.056
15.383 -0.00280999 -55.541 4500.42 4.056
15.3276 -0.00280344 -55.47 4500.42 4.056
15.2871 -0.00279779 -47.97 4500.42 4.056
15.224 -0.00280337 -55.551 4500.42 4.056
15.1666 -0.00280448 -56.471 4500.42 4.056
15.1142 -0.00281132 -54.47 4500.42 4.056
15.0586 -0.00280731 -55.031 4500.42 4.056
15.0016 -0.00280493 -55.98 4500.42 4.056
14.9454 -0.00281341 -56.091 4500.42 4.056
14.8895 -0.00280909 -56.01 4500.42 4.056
14.8336 -0.00280761 -55.931 4500.42 4.056
14.7797 -0.00280493 -54.931 4500.42 4.056
14.7226 -0.00280188 -56.021 4500.42 4.056
14.6687 -0.00280448 -54.981 4500.42 4.056
14.6126 -0.00279779 -55.52 4500.42 4.056
14.5571 -0.00280314 -55.52 4500.42 4.056
14.5017 -0.00280404 -55.47 4500.42 4.056
14.4451 -0.00279987 -56.041 4500.42 4.056
14.391 -0.00280032 -55.06 4500.42 4.056
14.334 -0.00280136 -56 4500.42 4.056
14.2791 -0.00280136 -55.461 4500.42 4.056
14.2227 -0.00280515 -55.931 4500.42 4.056
14.1667 -0.00280716 -55.98 4500.42 4.056
14.1124 -0.00280612 -55.111 4500.42 4.056
14.0557 -0.00280805 -55.931 4500.42 4.056
13.9996 -0.00280612 -56.021 4500.42 4.056
13.9455 -0.00280597 -55.05 4500.42 4.056
13.8896 -0.00281073 -55.47 4500.42 4.056
13.8331 -0.0028085 -56.001 4500.42 4.056
13.7772 -0.00280894 -55.95 4500.42 4.056
13.7211 -0.00280537 -56.021 4500.42 4.056
13.667 -0.00280835 -55.04 4500.42 4.056
13.61 -0.00281028 -56.021 4500.42 4.056
13.5531 -0.00281073 -56.481 4500.42 4.056
13.4976 -0.00279987 -56 4500.42 4.056
13.4436 -0.00280508 -54.971 4500.42 4.056
13.3865 -0.00280775 -56.06 4500.42 4.056
13.3325 -0.00280478 -55.011 4500.42 4.056
13.2757 -0.0028018 -55.931 4500.42 4.056
13.2217 -0.00279928 -54.97 4500.42 4.056
13.1657 -0.00280151 -55.491 4500.42 4.056
13.1091 -0.00280508 -56.04 4500.42 4.056
13.0551 -0.00281028 -55.011 4500.42 4.056
12.9981 -0.00281207 -56.01 4500.42 4.056
12.9432 -0.0028085 -55.461 4500.42 4.056
12.8875 -0.00280404 -55.571 4500.42 4.056
12.8316 -0.00280656 -55.72 4500.42 4.056
12.7753 -0.00280865 -56.021 4500.42 4.056
12.7194 -0.00280612 -55.98 4500.42 4.056
12.6624 -0.00280285 -56.481 4500.42 4.056
12.6078 -0.00280738 -55.51 4500.42 4.056
12.5514 -0.00281103 -55.96 4500.42 4.056
12.4974 -0.00280582 -55.011 4500.42 4.056
12.4433 -0.00281251 -54.53 4500.42 4.056
12.388 -0.00281742 -54.941 4500.42 4.056
12.3307 -0.00280463 -56.111 4500.42 4.056
12.2759 -0.00281415 -55.47 4500.42 4.056
12.2213 -0.00281103 -55.01 4500.42 4.056
12.1664 -0.00280865 -54.971 4500.42 4.056
12.1114 -0.0028079 -54.991 4500.42 4.056
12.0553 -0.00280523 -55.53 4500.42 4.056
11.9989 -0.00281058 -55.98 4500.42 4.056
11.9428 -0.00281013 -56.04 4500.42 4.056
11.8879 -0.00280865 -55.451 4500.42 4.056
11.8313 -0.00281266 -56.051 4500.42 4.056
11.7754 -0.00281549 -55.95 4500.42 4.056
11.7213 -0.00281088 -55.031 4500.42 4.056
11.6664 -0.0028143 -54.941 4500.42 4.056
11.6122 -0.00281608 -54.571 4500.42 4.056
11.5558 -0.00281147 -55.501 4500.42 4.056
11.5004 -0.00281779 -55.47 4500.42 4.056
11.4456 -0.00281207 -55.12 4500.42 4.056
11.3908 -0.00281891 -54.941 4500.42 4.056
11.3359 -0.00282203 -54.95 4500.42 4.056
11.2799 -0.00281683 -55.471 4500.42 4.056
11.2243 -0.00281341 -55.52 4500.42 4.056
11.1709 -0.00281668 -54.48 4500.42 4.056
11.1143 -0.00281534 -55.56 4500.42 4.056
11.058 -0.00281504 -55.911 4500.42 4.056
11.0048 -0.00281296 -54.571 4500.42 4.056
10.9473 -0.00281162 -56 4500.42 4.056
10.8911 -0.00281802 -56.111 4500.42 4.056
10.8363 -0.00281579 -55.47 4500.42 4.056
10.7809 -0.0028146 -55.401 4500.42 4.056
10.7264 -0.00281177 -54.96 4500.42 4.056
10.6692 -0.00280954 -56.071 4500.42 4.056
10.6134 -0.00281251 -55.961 4500.42 4.056
10.5604 -0.00281378 -54.5 4500.42 4.056
10.5048 -0.00282248 -55.031 4500.42 4.056
10.4488 -0.00281638 -55.52 4500.42 4.056
10.3974 -0.00281742 -53.471 4500.42 4.056
10.3398 -0.00281965 -55.54 4500.42 4.056
10.2824 -0.00281906 -56.441 4500.42 4.056
10.2279 -0.00281668 -55.491 4500.42 4.056
10.1713 -0.0028143 -56.021 4500.42 4.056
10.1163 -0.00281088 -55.501 4500.42 4.056
10.061 -0.00281519 -55.44 4500.42 4.056
10.0064 -0.0028114 -55.01 4500.42 4.056
9.95226 -0.00281742 -54.571 4500.42 4.056
9.89693 -0.0028198 -54.951 4500.42 4.056
9.8427 -0.00281608 -54.59 4500.42 4.056
9.78635 -0.00281088 -55.47 4500.42 4.056
9.7313 -0.00281043 -55.261 4500.42 4.056
9.67474 -0.00281742 -55.91 4500.42 4.056
9.61869 -0.00281594 -55.98 4500.42 4.056
9.56455 -0.00281549 -55.061 4500.42 4.056
9.50859 -0.00282129 -55.51 4500.42 4.056
9.4551 -0.00282241 -54.5 4500.42 4.056
9.39864 -0.00282322 -55.481 4500.42 4.056
9.34402 -0.0028137 -55.05 4500.42 4.056
9.28715 -0.00281073 -55.961 4500.42 4.056
9.23311 -0.00281876 -55 4500.42 4.056
9.17809 -0.00281594 -55.01 4500.42 4.056
9.12416 -0.00281504 -54.471 4500.42 4.056
9.06655 -0.00281177 -56.04 4500.42 4.056
9.01161 -0.00281906 -55.491 4500.42 4.056
8.95624 -0.00281861 -55.43 4500.42 4.056
8.89967 -0.00281043 -56.001 4500.42 4.056
8.84355 -0.00280671 -56.061 4500.42 4.056
8.78755 -0.00280701 -56.03 4500.42 4.056
8.73264 -0.00281118 -55.47 4500.42 4.056
8.67599 -0.00281415 -56.061 4500.42 4.056
8.62123 -0.00281103 -55.41 4500.42 4.056
8.56552 -0.00281653 -55.561 4500.42 4.056
8.5102 -0.00281668 -55.44 4500.42 4.056
8.45542 -0.00281832 -55.111 4500.42 4.056
8.39965 -0.00282055 -55.44 4500.42 4.056
8.34409 -0.00281802 -55.501 4500.42 4.056
8.30355 -0.00282664 -48.02 4500.42 4.053
8.24155 -0.00281757 -55.011 4500.42 4.053
8.18566 -0.00282174 -55.45 4500.42 4.053
8.12917 -0.00282664 -55.971 4500.42 4.053
8.07306 -0.00282099 -56.041 4500.42 4.053
8.01718 -0.00282754 -55.96 4500.42 4.053
7.96114 -0.00281906 -56.001 4500.42 4.053
7.90612 -0.00281698 -55.51 4500.42 4.053
7.85059 -0.00281809 -55.521 4500.42 4.053
7.79403 -0.0028207 -56.041 4500.42 4.053
7.73803 -0.0028137 -56.02 4500.42 4.053
7.68319 -0.00281891 -55.431 4500.42 4.053
7.62652 -0.00281742 -56.05 4500.42 4.053
7.57247 -0.00282129 -55.051 4500.42 4.053
7.51758 -0.00281846 -54.97 4500.42 4.053
7.46171 -0.00282798 -55.42 4500.42 4.053
7.40701 -0.00284539 -55.061 4500.42 4.053
7.35099 -0.00289894 -55.54 4500.42 4.053
7.29459 -0.00316824 -55.971 4500.42 4.053
7.24076 -0.00359463 -54.9 4500.42 4.053
7.18344 -0.00392247 -56.11 4500.42 4.053
7.12769 -0.00428139 -55.931 4500.42 4.053
7.07166 -0.00483466 -55.98 4500.42 4.053
7.0156 -0.00540845 -56.021 4500.42 4.053
6.95954 -0.00579757 -56.041 4500.42 4.053
6.90362 -0.00617718 -55.98 4500.42 4.053
6.84858 -0.00658965 -55.51 4500.42 4.053
6.79205 -0.00698175 -56.021 4500.42 4.053
6.73619 -0.00737742 -55.94 4500.42 4.053
6.68001 -0.0076767 -56.061 4500.42 4.053
6.62507 -0.00787468 -55.5 4500.42 4.053
6.56859 -0.00803972 -55.991 4500.42 4.053
6.51566 -0.00813901 -54.46 4500.42 4.053
6.45918 -0.00814258 -55.471 4500.42 4.053
6.40357 -0.00817738 -55.54 4500.42 4.053
6.34719 -0.00820802 -55.96 4500.42 4.053
6.29203 -0.00817768 -55.56 4500.42 4.053
6.23559 -0.00821353 -56.001 4500.42 4.053
6.17965 -0.00818214 -55.971 4500.42 4.053
6.12864 -0.00823896 -53.491 4500.42 4.053
6.06999 -0.00821159 -56.071 4500.42 4.053
6.01608 -0.00820802 -54.991 4500.42 4.053
5.96003 -0.00820936 -55.52 4500.42 4.053
5.90357 -0.00820683 -55.991 4500.42 4.053
5.84662 -0.00819776 -56.471 4500.42 4.053
5.79109 -0.0082165 -56.001 4500.42 4.053
5.73501 -0.00821502 -56.04 4500.42 4.053
5.68017 -0.00820996 -55.44 4500.42 4.053
5.62373 -0.00821323 -55.941 4500.42 4.053
5.56763 -0.00818512 -56.021 4500.42 4.053
5.51373 -0.00821323 -54.96 4500.42 4.053
5.45651 -0.0081878 -56.091 4500.42 4.053
5.4005 -0.00819955 -56.05 4500.42 4.053
5.34703 -0.00822156 -54.76 4500.42 4.053
5.29039 -0.00819404 -55.7 4500.42 4.053
5.23447 -0.00821769 -55.811 4500.42 4.053
5.19544 -0.00821561 -47.42 4500.42 4.053
5.13086 -0.00820416 -56.001 4500.42 4.053
5.0749 -0.00820996 -55.98 4500.42 4.053
5.01878 -0.00820802 -56.05 4500.42 4.053
4.96377 -0.00820921 -55.531 4500.42 4.053
4.90832 -0.00821249 -55.491 4500.42 4.053
4.85273 -0.00821115 -55.54 4500.42 4.053
4.79639 -0.00819925 -55.94 4500.42 4.053
4.74043 -0.00821799 -55.951 4500.42 4.053
4.6843 -0.008229 -56.041 4500.42 4.053
4.62838 -0.00819821 -55.98 4500.42 4.053
4.5743 -0.0082223 -55.03 4500.42 4.053
4.51839 -0.00820669 -55.471 4500.42 4.053
4.46394 -0.00824253 -54.96 4500.42 4.053
4.4079 -0.00818318 -55.501 4500.42 4.053
4.35126 -0.00825711 -56.071 4500.42 4.053
4.29621 -0.00819895 -55.56 4500.42 4.053
4.23991 -0.00822602 -55.931 4500.42 4.053
4.1839 -0.00823837 -55.971 4500.42 4.053
4.12783 -0.00822974 -56.021 4500.42 4.053
4.07285 -0.00824953 -55.5 4500.42 4.053
4.01733 -0.00824819 -55.51 4500.42 4.053
3.96286 -0.00826886 -54.991 4500.42 4.053
3.90585 -0.00827823 -56.001 4500.42 4.053
3.84975 -0.00829058 -56.05 4500.42 4.053
3.79404 -0.00835454 -55.881 4500.42 4.053
3.73774 -0.00837849 -56.091 4500.42 4.053
3.68187 -0.00845554 -55.98 4500.42 4.053
3.62705 -0.00846551 -55.401 4500.42 4.053
3.56925 -0.00837819 -56.6 4500.42 4.053
3.51487 -0.00817753 -55.49 4500.42 4.053
3.45946 -0.0080865 -55.45 4500.42 4.053
3.40691 -0.00800811 -54 4500.42 4.053
3.34855 -0.00802968 -56.181 4500.42 4.053
3.29397 -0.00807043 -55.38 4500.42 4.053
3.23723 -0.00811119 -56.06 4500.42 4.053
3.18345 -0.00810286 -54.92 4500.42 4.053
3.12839 -0.00813915 -54.991 4500.42 4.053
3.07342 -0.00816422 -54.981 4500.42 4.053
3.01726 -0.00813767 -55.57 4500.42 4.053
2.96185 -0.00814332 -55.491 4500.42 4.053
2.90526 -0.0081811 -56.04 4500.42 4.053
2.85144 -0.00815373 -54.931 4500.42 4.053
2.79535 -0.00816474 -55.51 4500.42 4.053
2.73882 -0.00815522 -56.02 4500.42 4.053
2.6828 -0.00811268 -56.021 4500.42 4.053
2.62788 -0.00810598 -55.471 4500.42 4.053
2.57241 -0.00805913 -55.47 4500.42 4.053
2.51776 -0.00792139 -55.061 4500.42 4.053
2.46088 -0.00764992 -55.971 4500.42 4.053
2.40581 -0.00738709 -55.521 4500.42 4.053
2.35039 -0.00699678 -55.47 4500.42 4.053
2.29486 -0.00663145 -55.501 4500.42 4.053
2.2379 -0.00623921 -56.23 4500.42 4.053
2.18219 -0.00584949 -55.97 4500.42 4.053
2.12714 -0.00547107 -55.51 4500.42 4.053
2.07263 -0.00488293 -55.011 4500.42 4.053
2.0166 -0.00430594 -55.521 4500.42 4.053
1.96008 -0.00394165 -56.021 4500.42 4.053
1.9041 -0.00360444 -56 4500.42 4.053
1.84912 -0.00329356 -55.491 4500.42 4.053
1.79255 -0.00304292 -56.031 4500.42 4.053
1.73768 -0.00289611 -55.45 4500.42 4.053
1.68417 -0.00285193 -54.48 4500.42 4.053
1.62665 -0.00284063 -56.001 4500.42 4.053
1.57143 -0.00283869 -55.61 4500.42 4.053
1.51822 -0.00283825 -54.411 4500.42 4.053
1.46261 -0.00283438 -55.01 4500.42 4.053
1.4077 -0.0028317 -54.96 4500.42 4.053
1.35254 -0.00283602 -55.061 4500.42 4.053
1.29556 -0.00283914 -56.02 4500.42 4.053
1.24054 -0.00283691 -55.521 4500.42 4.053
1.18416 -0.00284658 -55.95 4500.42 4.053
1.12821 -0.00284806 -55.95 4500.42 4.053
1.07208 -0.00284435 -56.041 4500.42 4.053
1.01598 -0.00284345 -56.071 4500.42 4.053
