Положение (мм) ,Сигнал усреднённый (В), Δ (мкм), Кол-во выборок сигнала АЦП:10 Энергия пучка: Ток пучка: 
0.20088 -0.00860685 55.58 4500.42 4.189
0.2325 -0.00858644 43.6 4500.42 4.189
0.2761 -0.00860429 43.6 4500.42 4.189
0.322899 -0.00861009 45.199 4500.42 4.189
0.365699 -0.00861053 43.999 4500.42 4.189
0.4097 -0.00861351 44 4500.42 4.189
0.453699 -0.00859715 43.999 4500.42 4.189
0.4993 -0.00858971 44.8 4500.42 4.189
0.542499 -0.00860488 43.999 4500.42 4.189
0.586499 -0.00862362 43.999 4500.42 4.189
0.631299 -0.00859432 44.399 4500.42 4.189
0.6765 -0.00862853 44.8 4500.42 4.189
0.721299 -0.00862065 44.799 4500.42 4.189
0.7661 -0.00861396 44.8 4500.42 4.189
0.809299 -0.00861827 43.999 4500.42 4.189
0.8549 -0.00860176 44.8 4500.42 4.189
0.898899 -0.00863895 44.399 4500.42 4.189
0.943299 -0.00862348 44.399 4500.42 4.189
0.9893 -0.00862199 45.2 4500.42 4.189
1.0337 -0.00863538 44.799 4500.42 4.189
1.07848 -0.00860667 44.79 4500.42 4.189
1.12331 -0.00863374 44.81 4500.42 4.189
1.1681 -0.00862719 44.799 4500.42 4.189
1.2121 -0.00863567 44.399 4500.42 4.189
1.2557 -0.00865471 44 4500.42 4.189
1.30128 -0.0086269 44.79 4500.42 4.189
1.34531 -0.00864854 44.409 4500.42 4.189
1.3905 -0.00864103 44.799 4500.42 4.189
1.4353 -0.00864326 44.8 4500.42 4.189
1.4785 -0.00861991 44 4500.42 4.189
1.5217 -0.00866691 43.599 4500.42 4.189
1.5677 -0.00860667 44.799 4500.42 4.189
1.6117 -0.00868416 44.399 4500.42 4.189
1.6561 -0.00862243 44.399 4500.42 4.189
1.7005 -0.00864609 44.399 4500.42 4.189
1.7457 -0.00863954 44.8 4500.42 4.189
1.7901 -0.00866721 44.599 4500.42 4.189
1.8351 -0.00864683 44.799 4500.42 4.189
1.8791 -0.00863463 44.399 4500.42 4.189
1.9219 -0.00865694 43.6 4500.42 4.189
1.9679 -0.00863195 44.799 4500.42 4.189
2.0127 -0.00865174 44.799 4500.42 4.189
2.0559 -0.00865025 43.999 4500.42 4.189
2.0999 -0.00862407 44 4500.42 4.189
2.1455 -0.00863166 44.799 4500.42 4.189
2.1895 -0.00864668 44.399 4500.42 4.189
2.2339 -0.0086324 44.399 4500.42 4.189
2.2791 -0.00866081 44.8 4500.42 4.189
2.3223 -0.00865456 44 4500.42 4.189
2.3679 -0.00863835 44.799 4500.42 4.189
2.4127 -0.00864177 44.799 4500.42 4.189
2.4559 -0.00865085 44 4500.42 4.189
2.5015 -0.00862987 44.799 4500.42 4.189
2.5455 -0.00863828 44.399 4500.42 4.189
2.5915 -0.00863552 45.199 4500.42 4.189
2.6351 -0.00866334 44.399 4500.42 4.189
2.6795 -0.00861113 44.399 4500.42 4.189
2.7119 -0.00868714 38.4 4500.42 4.187
2.76308 -0.00861976 44.789 4500.42 4.187
2.80791 -0.00864222 44.81 4500.42 4.187
2.8519 -0.00864028 44.399 4500.42 4.187
2.8971 -0.0086141 44.799 4500.42 4.187
2.9419 -0.00867301 44.799 4500.42 4.187
2.9867 -0.0086208 44.799 4500.42 4.187
3.0315 -0.00865032 44.799 4500.42 4.187
3.0755 -0.00862199 44.399 4500.42 4.187
3.1199 -0.00866156 44.399 4500.42 4.187
3.1643 -0.00862764 44.399 4500.42 4.187
3.2087 -0.00864891 44.399 4500.42 4.187
3.2539 -0.00866022 44.799 4500.42 4.187
3.2987 -0.00863909 44.799 4500.42 4.187
3.3419 -0.00867851 44 4500.42 4.187
3.3867 -0.0086417 44.399 4500.42 4.187
3.4319 -0.00867554 44.8 4500.42 4.187
3.47508 -0.00861009 43.989 4500.42 4.187
3.52071 -0.00867212 44.81 4500.42 4.187
3.56468 -0.00862154 44.389 4500.42 4.187
3.60909 -0.00865114 44.399 4500.42 4.187
3.65431 -0.00864713 44.81 4500.42 4.187
3.6999 -0.00864817 45.199 4500.42 4.187
3.7435 -0.00864742 44.399 4500.42 4.187
3.7895 -0.00865709 45.199 4500.42 4.187
3.8331 -0.00866037 44.399 4500.42 4.187
3.8783 -0.00863776 44.799 4500.42 4.187
3.9223 -0.00867033 44.399 4500.42 4.187
3.9691 -0.00864757 45.6 4500.42 4.187
4.0123 -0.00864311 44.399 4500.42 4.187
4.0559 -0.00866498 43.999 4500.42 4.187
4.1007 -0.00863359 44.4 4500.42 4.187
4.1459 -0.00868059 44.799 4500.42 4.187
4.1899 -0.00863545 44.4 4500.42 4.187
4.2351 -0.00867227 44.799 4500.42 4.187
4.2767 -0.00862422 43.2 4500.42 4.187
4.3231 -0.00866587 44.799 4500.42 4.187
4.3671 -0.00863047 44.4 4500.42 4.187
4.41068 -0.00863776 43.989 4500.42 4.187
4.45629 -0.00865561 44.799 4500.42 4.187
4.50029 -0.00864995 44.4 4500.42 4.187
4.54551 -0.00866959 44.81 4500.42 4.187
4.5903 -0.00865568 44.799 4500.42 4.187
4.6343 -0.00866289 44.4 4500.42 4.187
4.6779 -0.0086498 43.999 4500.42 4.187
4.7227 -0.00866453 44.4 4500.42 4.187
4.7675 -0.00865025 44.599 4500.42 4.187
4.8117 -0.00865694 44.399 4500.42 4.187
4.85528 -0.00866572 43.989 4500.42 4.187
4.90091 -0.00863136 44.81 4500.42 4.187
4.9449 -0.00870201 44.4 4500.42 4.187
4.9901 -0.00863181 44.799 4500.42 4.187
5.0349 -0.00865412 44.8 4500.42 4.187
5.0773 -0.00864028 43.599 4500.42 4.187
5.1225 -0.00867643 44.4 4500.42 4.187
5.1669 -0.00864043 44.399 4500.42 4.187
5.2113 -0.00867762 44.4 4500.42 4.187
5.2565 -0.00863939 44.8 4500.42 4.187
5.3013 -0.00866126 44.799 4500.42 4.187
5.3453 -0.00864951 44.4 4500.42 4.187
5.3897 -0.00863091 44.399 4500.42 4.187
5.4341 -0.00864728 44.4 4500.42 4.187
5.4777 -0.00866051 43.999 4500.42 4.187
5.5217 -0.00865486 43.999 4500.42 4.187
5.5673 -0.0086263 44.8 4500.42 4.187
5.60968 -0.00864103 43.59 4500.42 4.187
5.65491 -0.00863716 44.41 4500.42 4.187
5.6857 -0.00862541 37.6 4500.42 4.187
5.7377 -0.008644 44.799 4500.42 4.187
5.7817 -0.00863195 44.4 4500.42 4.187
5.8269 -0.00863597 44.799 4500.42 4.187
5.87008 -0.0086356 43.989 4500.42 4.187
5.91411 -0.00861827 44.01 4500.42 4.187
5.9589 -0.0086321 44.4 4500.42 4.187
6.0025 -0.00861886 43.999 4500.42 4.187
6.0465 -0.00862809 44 4500.42 4.187
6.09048 -0.00863478 43.989 4500.42 4.187
6.13451 -0.00860042 44.009 4500.42 4.187
6.1801 -0.00863865 44.8 4500.42 4.187
6.2233 -0.00863151 43.999 4500.42 4.187
6.2657 -0.00862362 43.2 4500.42 4.187
6.2993 -0.00862452 38.4 4500.42 4.187
6.3497 -0.00859611 44.399 4500.42 4.187
6.3949 -0.00862124 44.8 4500.42 4.187
6.4389 -0.00862645 44.399 4500.42 4.187
6.4841 -0.00862541 44.8 4500.42 4.187
6.5289 -0.0086205 44.799 4500.42 4.187
6.5729 -0.00860131 44.4 4500.42 4.187
6.6173 -0.00862928 44.399 4500.42 4.187
6.6617 -0.00859819 44.4 4500.42 4.187
6.7053 -0.00860815 43.999 4500.42 4.187
6.7621 -0.00860793 50.4 4500.42 4.187
6.8005 -0.00863597 44.399 4500.42 4.187
6.8457 -0.0085909 44.8 4500.42 4.187
6.8905 -0.00863805 44.799 4500.42 4.187
6.9345 -0.00860131 44.4 4500.42 4.187
6.97968 -0.0086147 44.789 4500.42 4.187
7.02449 -0.00861529 44.799 4500.42 4.187
7.06849 -0.00861053 44.4 4500.42 4.187
7.11289 -0.00860734 44.399 4500.42 4.187
7.15651 -0.00860592 44.01 4500.42 4.187
7.20288 -0.00859997 45.189 4500.42 4.187
7.24571 -0.00862005 44.01 4500.42 4.187
7.29208 -0.00859164 45.189 4500.42 4.187
7.33569 -0.00861812 44.4 4500.42 4.187
7.37931 -0.00859938 44.01 4500.42 4.187
7.4241 -0.00860726 44.399 4500.42 4.187
7.4677 -0.00861767 44 4500.42 4.187
7.5133 -0.00860421 44.799 4500.42 4.187
7.5581 -0.00861901 44.8 4500.42 4.187
7.6021 -0.00860726 44.399 4500.42 4.187
7.6465 -0.00861068 44.4 4500.42 4.187
7.6909 -0.00861708 44.399 4500.42 4.187
7.7353 -0.00861217 44.4 4500.42 4.187
7.7801 -0.00859105 44.599 4500.42 4.187
7.8243 -0.00858822 44.399 4500.42 4.187
7.8695 -0.00860429 44.8 4500.42 4.187
7.9135 -0.00859901 44.4 4500.42 4.187
7.95868 -0.00858733 44.789 4500.42 4.187
8.00349 -0.00859417 44.799 4500.42 4.187
8.04591 -0.00858198 43.61 4500.42 4.187
8.0919 -0.00857855 44.8 4500.42 4.187
8.1367 -0.00860369 44.8 4500.42 4.187
8.18148 -0.00858912 44.789 4500.42 4.187
8.22551 -0.00858153 44.41 4500.42 4.187
8.27068 -0.00858941 44.789 4500.42 4.187
8.31471 -0.0085909 44.41 4500.42 4.187
8.3591 -0.0085906 44.399 4500.42 4.187
8.4035 -0.00858986 44.399 4500.42 4.187
8.4487 -0.00857022 44.8 4500.42 4.187
8.4927 -0.00858703 44.399 4500.42 4.187
8.5363 -0.00856353 44 4500.42 4.187
8.5811 -0.00858331 44.399 4500.42 4.187
8.6271 -0.00857617 45.199 4500.42 4.187
8.6707 -0.00857372 44.4 4500.42 4.187
8.7151 -0.00856576 44.399 4500.42 4.187
8.7595 -0.00855728 44.399 4500.42 4.187
8.8047 -0.00859566 44.8 4500.42 4.187
8.8495 -0.00855773 44.8 4500.42 4.187
8.8927 -0.00857632 43.999 4500.42 4.187
8.9375 -0.00856784 44.4 4500.42 4.187
8.9827 -0.00856636 44.8 4500.42 4.187
9.0267 -0.00858778 44.399 4500.42 4.187
9.0711 -0.00856874 44.399 4500.42 4.187
9.1163 -0.00858123 44.8 4500.42 4.187
9.1603 -0.00856829 44.399 4500.42 4.187
9.2047 -0.00859254 44.399 4500.42 4.187
9.2491 -0.00857127 44.4 4500.42 4.187
9.2935 -0.00859417 44.399 4500.42 4.187
9.3387 -0.00859849 44.8 4500.42 4.187
9.3835 -0.00854687 44.799 4500.42 4.187
9.4267 -0.00859521 44 4500.42 4.187
9.4715 -0.00855974 44.399 4500.42 4.187
9.5167 -0.00858525 44.8 4500.42 4.187
9.5615 -0.00853259 44.8 4500.42 4.187
9.6055 -0.00856427 44.399 4500.42 4.187
9.6507 -0.00856011 44.8 4500.42 4.187
9.6963 -0.00855981 45.199 4500.42 4.187
9.7391 -0.00856903 44 4500.42 4.187
9.7847 -0.00854806 44.8 4500.42 4.187
9.8271 -0.0085555 43.599 4500.42 4.187
9.87228 -0.00857127 44.389 4500.42 4.187
9.91589 -0.00856189 44 4500.42 4.187
9.95991 -0.0085674 44.01 4500.42 4.187
10.0055 -0.00857022 44.799 4500.42 4.187
10.0503 -0.00855014 44.8 4500.42 4.187
10.0951 -0.00855654 44.79 4500.42 4.187
10.1391 -0.00857543 44.399 4500.42 4.187
10.1843 -0.00854494 44.8 4500.42 4.187
10.2291 -0.00855974 44.8 4500.42 4.187
10.2739 -0.00854598 44.81 4500.42 4.187
10.3195 -0.0085912 45.199 4500.42 4.187
10.3623 -0.00854672 44 4500.42 4.187
10.4079 -0.00857632 44.799 4500.42 4.187
10.4519 -0.00854152 44.4 4500.42 4.187
10.4971 -0.00853378 44.799 4500.42 4.187
10.5411 -0.00854181 44.4 4500.42 4.187
10.5863 -0.00855089 44.799 4500.42 4.187
10.6311 -0.00852895 44.8 4500.42 4.187
10.6759 -0.00857484 44.8 4500.42 4.187
10.7191 -0.0085436 44 4500.42 4.187
10.7643 -0.0085491 44.589 4500.42 4.187
10.8085 -0.00854226 44.409 4500.42 4.187
10.8529 -0.00856056 44.4 4500.42 4.187
10.8973 -0.00856323 44.399 4500.42 4.187
10.9425 -0.00857543 44.8 4500.42 4.187
10.9873 -0.00855014 44.789 4500.42 4.187
11.0321 -0.00855594 44.8 4500.42 4.187
11.0761 -0.00853259 44.399 4500.42 4.187
11.1213 -0.00858748 44.8 4500.42 4.187
11.1661 -0.00851846 44.8 4500.42 4.187
11.2109 -0.00856308 44.81 4500.42 4.187
11.2533 -0.00853705 43.599 4500.42 4.187
11.2985 -0.00855594 44.399 4500.42 4.187
11.3437 -0.00853586 44.79 4500.42 4.187
11.3885 -0.00855371 44.8 4500.42 4.187
11.4333 -0.00853616 44.799 4500.42 4.187
11.4773 -0.00855937 44.4 4500.42 4.187
11.5233 -0.00852813 45.209 4500.42 4.187
11.5677 -0.00855877 44.8 4500.42 4.187
11.6229 -0.00851549 50 4500.42 4.187
11.6617 -0.00856725 44.399 4500.42 4.187
11.7069 -0.00851593 44.8 4500.42 4.187
11.7509 -0.00854278 44.399 4500.42 4.187
11.7961 -0.00855356 44.8 4500.42 4.187
11.8409 -0.00853928 44.799 4500.42 4.187
11.8849 -0.00852114 44.4 4500.42 4.187
11.9293 -0.00855728 44.399 4500.42 4.187
11.9737 -0.00853393 44.399 4500.42 4.187
12.0189 -0.00854047 44.8 4500.42 4.187
12.0629 -0.0085314 44.399 4500.42 4.187
12.1105 -0.00855461 45.989 4500.42 4.187
12.1501 -0.00854769 42.81 4500.42 4.187
12.1969 -0.00852367 44.8 4500.42 4.187
12.2417 -0.00852902 44.799 4500.42 4.187
12.2857 -0.00854702 44.4 4500.42 4.187
12.3181 -0.0085253 38.389 4500.42 4.187
12.3669 -0.00854092 43.609 4500.42 4.187
12.4129 -0.00854092 44.8 4500.42 4.187
12.4569 -0.00854553 44.399 4500.42 4.187
12.5005 -0.00854152 44 4500.42 4.187
12.5437 -0.00854955 43.59 4500.42 4.187
12.5881 -0.00853304 44 4500.42 4.187
12.6329 -0.00852233 44.409 4500.42 4.187
12.6781 -0.00853125 44.79 4500.42 4.187
12.7181 -0.00854033 42.399 4500.42 4.184
12.7693 -0.00852382 46.8 4500.42 4.184
12.8121 -0.00855312 44.799 4500.42 4.184
12.8569 -0.00850254 44.8 4500.42 4.184
12.9017 -0.00853453 44.81 4500.42 4.184
12.9457 -0.0085317 44.4 4500.42 4.184
12.9909 -0.00852329 44.799 4500.42 4.184
13.0333 -0.00849526 43.59 4500.42 4.184
13.0785 -0.00852649 44.4 4500.42 4.184
13.1237 -0.00853334 44.799 4500.42 4.184
13.1685 -0.00850983 44.8 4500.42 4.184
13.2133 -0.00851311 44.8 4500.42 4.184
13.2581 -0.00849793 44.81 4500.42 4.184
13.3029 -0.00849302 44.8 4500.42 4.184
13.3453 -0.00853928 43.59 4500.42 4.184
13.3905 -0.00851363 44.399 4500.42 4.184
13.4349 -0.00853006 44.409 4500.42 4.184
13.4801 -0.00850076 44.79 4500.42 4.184
13.5241 -0.00852798 44.399 4500.42 4.184
13.5669 -0.00850968 43.61 4500.42 4.184
13.6121 -0.00852069 44.399 4500.42 4.184
13.6573 -0.00852575 44.8 4500.42 4.184
13.7013 -0.00853482 44.399 4500.42 4.184
13.7457 -0.00850046 44.399 4500.42 4.184
13.7897 -0.00852181 44.2 4500.42 4.184
13.8351 -0.00848886 44.79 4500.42 4.184
13.8783 -0.0085253 44.01 4500.42 4.184
13.9111 -0.0084954 38.389 4500.42 4.184
13.9623 -0.00852679 44.81 4500.42 4.184
14.0071 -0.00851206 44.8 4500.42 4.184
14.0503 -0.00852337 43.989 4500.42 4.184
14.0951 -0.00851162 44.399 4500.42 4.184
14.1411 -0.00849689 45.21 4500.42 4.184
14.1831 -0.00851727 43.59 4500.42 4.184
14.2291 -0.0085105 44.8 4500.42 4.184
14.2739 -0.0085198 44.799 4500.42 4.184
14.3179 -0.0085024 44.4 4500.42 4.184
14.3631 -0.00850894 44.799 4500.42 4.184
14.4079 -0.00851727 44.81 4500.42 4.184
14.4527 -0.00850656 44.8 4500.42 4.184
14.4967 -0.00852917 44.399 4500.42 4.184
14.5411 -0.00850314 44.389 4500.42 4.184
14.5855 -0.0084957 44.4 4500.42 4.184
14.6307 -0.00850455 44.81 4500.42 4.184
14.6747 -0.00850359 44.389 4500.42 4.184
14.7199 -0.00851013 44.81 4500.42 4.184
14.7639 -0.00850373 44.389 4500.42 4.184
14.8075 -0.0085143 43.999 4500.42 4.184
14.8531 -0.00849734 44.8 4500.42 4.184
14.8971 -0.00850448 44.4 4500.42 4.184
14.9423 -0.00849332 44.799 4500.42 4.184
14.9871 -0.0084835 44.8 4500.42 4.184
15.0319 -0.0084925 44.81 4500.42 4.184
15.0767 -0.00852902 44.8 4500.42 4.184
15.1223 -0.00849213 45.199 4500.42 4.184
15.1643 -0.00850344 43.599 4500.42 4.184
15.2087 -0.00851132 43.99 4500.42 4.184
15.2527 -0.00848142 44 4500.42 4.184
15.2975 -0.00853155 44.409 4500.42 4.184
15.3419 -0.00850314 44.399 4500.42 4.184
15.3871 -0.00849548 44.8 4500.42 4.184
15.4303 -0.00848618 44 4500.42 4.184
15.4751 -0.00849347 44.399 4500.42 4.184
15.5187 -0.00849868 44 4500.42 4.184
15.5635 -0.00847458 44.399 4500.42 4.184
15.6071 -0.00851221 43.99 4500.42 4.184
15.6511 -0.00849064 44.01 4500.42 4.184
15.6967 -0.00849079 44.789 4500.42 4.184
15.7399 -0.00850091 44.01 4500.42 4.184
15.7831 -0.00846699 43.599 4500.42 4.184
15.8275 -0.00852188 43.99 4500.42 4.184
15.8723 -0.00848269 44.399 4500.42 4.184
15.9167 -0.00851906 44.399 4500.42 4.184
15.9619 -0.00845599 44.8 4500.42 4.184
16.0059 -0.00852456 44.399 4500.42 4.184
16.0511 -0.00848469 44.8 4500.42 4.184
16.0951 -0.00850597 44.399 4500.42 4.184
16.1403 -0.00851251 44.8 4500.42 4.184
16.1851 -0.00846402 44.799 4500.42 4.184
16.2299 -0.00849615 44.809 4500.42 4.184
16.2739 -0.00849079 44.389 4500.42 4.184
16.3199 -0.00847815 45.21 4500.42 4.184
16.3635 -0.00847785 44.399 4500.42 4.184
16.4079 -0.00849645 44.399 4500.42 4.184
16.4531 -0.00849615 44.8 4500.42 4.184
16.4963 -0.00847651 43.99 4500.42 4.184
16.5395 -0.00848484 43.609 4500.42 4.184
16.5855 -0.00846685 44.79 4500.42 4.184
16.6303 -0.00848856 44.799 4500.42 4.184
16.6751 -0.00847175 44.799 4500.42 4.184
16.7199 -0.00848782 44.8 4500.42 4.184
16.7643 -0.00846268 44.609 4500.42 4.184
16.8085 -0.00850046 44.399 4500.42 4.184
16.8537 -0.00846119 44.8 4500.42 4.184
16.8985 -0.00847086 44.789 4500.42 4.184
16.9433 -0.00850418 44.799 4500.42 4.184
16.9881 -0.00846975 44.8 4500.42 4.184
17.0321 -0.00848544 44.399 4500.42 4.184
17.0773 -0.00844513 44.799 4500.42 4.184
17.1213 -0.00850373 44.399 4500.42 4.184
17.1673 -0.00844781 45.21 4500.42 4.184
17.2109 -0.00846075 44.389 4500.42 4.184
17.2569 -0.00845628 45.21 4500.42 4.184
17.3013 -0.00842728 44.799 4500.42 4.184
17.3453 -0.00841225 44.399 4500.42 4.184
17.3897 -0.00837135 44.4 4500.42 4.184
17.4341 -0.0083114 44.399 4500.42 4.184
17.4777 -0.00827094 43.989 4500.42 4.184
17.5225 -0.00822632 44.4 4500.42 4.184
17.5677 -0.00818675 44.799 4500.42 4.184
17.6125 -0.00812934 44.809 4500.42 4.184
17.6565 -0.00808665 44.389 4500.42 4.184
17.7017 -0.00800424 44.81 4500.42 4.184
17.7465 -0.00799175 44.799 4500.42 4.184
17.7913 -0.00790361 44.8 4500.42 4.184
17.8353 -0.00786427 44.399 4500.42 4.184
17.8813 -0.00776357 45.199 4500.42 4.184
17.9257 -0.00776 44.79 4500.42 4.184
17.9697 -0.00766763 44.409 4500.42 4.184
18.0149 -0.00761794 44.789 4500.42 4.184
18.0597 -0.00760947 44.8 4500.42 4.184
18.1045 -0.00749969 44.799 4500.42 4.184
18.1493 -0.00746786 44.799 4500.42 4.184
18.1941 -0.00738753 44.8 4500.42 4.184
18.2373 -0.00735615 44 4500.42 4.184
18.2813 -0.00726422 44.01 4500.42 4.184
18.3269 -0.00723135 44.789 4500.42 4.184
18.3717 -0.00720101 44.799 4500.42 4.184
18.4165 -0.00710224 44.8 4500.42 4.184
18.4621 -0.00710164 45.209 4500.42 4.184
18.5065 -0.00700592 44.8 4500.42 4.184
18.5497 -0.00696643 43.99 4500.42 4.184
18.5945 -0.00685844 44.399 4500.42 4.184
18.6373 -0.00685651 43.609 4500.42 4.184
18.6825 -0.00675789 44.4 4500.42 4.184
18.7269 -0.00674048 44.399 4500.42 4.186
18.7713 -0.00669705 44.399 4500.42 4.186
18.8157 -0.00662327 44.399 4500.42 4.186
18.8609 -0.00659025 44.799 4500.42 4.186
18.9057 -0.00651059 44.8 4500.42 4.186
18.9505 -0.0064412 44.789 4500.42 4.186
18.9945 -0.00638141 44.409 4500.42 4.186
19.0397 -0.00633202 44.79 4500.42 4.186
19.0845 -0.00629781 44.799 4500.42 4.186
19.1269 -0.00622493 43.61 4500.42 4.186
19.1713 -0.00619324 44 4500.42 4.186
19.2161 -0.00614326 44.399 4500.42 4.186
19.2597 -0.00608525 43.989 4500.42 4.186
19.3053 -0.00601839 44.8 4500.42 4.186
19.3501 -0.00594394 44.799 4500.42 4.186
19.3933 -0.00589292 44 4500.42 4.186
19.4389 -0.00583551 44.799 4500.42 4.186
19.4837 -0.00579311 44.8 4500.42 4.186
19.5269 -0.00574908 44 4500.42 4.186
19.5717 -0.005682 44.399 4500.42 4.186
19.6161 -0.00566102 44.399 4500.42 4.186
19.6597 -0.00557951 44.01 4500.42 4.186
19.7053 -0.00552038 44.799 4500.42 4.186
19.7501 -0.00543314 44.79 4500.42 4.186
19.7937 -0.00539387 44.2 4500.42 4.186
19.8391 -0.00534598 44.809 4500.42 4.186
19.8839 -0.00529139 44.799 4500.42 4.186
19.9287 -0.00524126 44.8 4500.42 4.186
19.9735 -0.0051889 44.799 4500.42 4.186
20.0191 -0.00513907 45.19 4500.42 4.186
20.0635 -0.00506046 44.799 4500.42 4.186
20.1083 -0.00500297 44.8 4500.42 4.186
20.1531 -0.00493439 44.799 4500.42 4.186
20.1955 -0.00489825 43.61 4500.42 4.186
20.2415 -0.00483934 44.789 4500.42 4.186
20.2863 -0.00480082 44.799 4500.42 4.186
20.3303 -0.00474147 44.399 4500.42 4.186
20.3723 -0.00470086 43.21 4500.42 4.186
20.4179 -0.00464493 44.389 4500.42 4.186
20.4623 -0.00459213 44.399 4500.42 4.186
20.5075 -0.00452452 44.81 4500.42 4.186
20.5515 -0.00443832 44.389 4500.42 4.186
20.5951 -0.00439995 43.999 4500.42 4.186
20.6407 -0.00434729 44.8 4500.42 4.186
20.6855 -0.00428943 44.799 4500.42 4.186
20.7295 -0.00424153 44.399 4500.42 4.186
20.7739 -0.0041975 44.399 4500.42 4.186
20.8191 -0.00414901 44.8 4500.42 4.186
20.8639 -0.004091 44.799 4500.42 4.186
20.9079 -0.00401365 44.399 4500.42 4.186
20.9523 -0.003936 44.399 4500.42 4.186
20.9975 -0.00387278 44.8 4500.42 4.186
21.0423 -0.00383575 44.809 4500.42 4.186
21.0871 -0.0037941 44.8 4500.42 4.186
21.1319 -0.00374486 44.799 4500.42 4.186
21.1767 -0.00368492 44.8 4500.42 4.186
21.2215 -0.00364386 44.799 4500.42 4.186
21.2655 -0.00356369 44.399 4500.42 4.186
21.3099 -0.00347994 44.399 4500.42 4.186
21.3551 -0.00343696 44.8 4500.42 4.186
21.3999 -0.00339144 44.789 4500.42 4.186
21.4447 -0.00333774 44.799 4500.42 4.186
21.4887 -0.00328553 44.399 4500.42 4.186
21.5339 -0.00323406 44.8 4500.42 4.186
21.5787 -0.00318587 44.799 4500.42 4.186
21.6235 -0.00311053 44.8 4500.42 4.186
21.6683 -0.00303043 44.799 4500.42 4.186
21.7131 -0.00298908 44.809 4500.42 4.186
21.7571 -0.00294832 44.389 4500.42 4.186
21.8007 -0.0029086 44 4500.42 4.186
21.8463 -0.0028732 44.8 4500.42 4.186
21.8911 -0.00285208 44.799 4500.42 4.186
21.9367 -0.00283973 45.21 4500.42 4.186
21.9803 -0.00283021 44.399 4500.42 4.186
22.0255 -0.00283274 44.799 4500.42 4.186
22.0703 -0.00282531 44.8 4500.42 4.186
22.1151 -0.00282471 44.799 4500.42 4.186
22.1599 -0.00282843 44.789 4500.42 4.186
22.2047 -0.00282724 44.8 4500.42 4.186
22.2471 -0.00282962 43.609 4500.42 4.186
22.2931 -0.00282992 44.8 4500.42 4.186
22.3379 -0.00282501 44.799 4500.42 4.186
22.3859 -0.00281995 46.4 4500.42 4.186
22.4251 -0.00282486 42.79 4500.42 4.186
22.4711 -0.00282501 44.409 4500.42 4.186
22.5163 -0.00282426 44.789 4500.42 4.186
22.5611 -0.00282337 44.8 4500.42 4.186
22.6051 -0.00282739 44.399 4500.42 4.186
22.6503 -0.00282917 44.799 4500.42 4.186
22.6951 -0.00282962 44.799 4500.42 4.186
22.7399 -0.00282441 44.8 4500.42 4.183
22.7819 -0.00282516 43.399 4500.42 4.183
22.8281 -0.00282493 44.8 4500.42 4.183
22.8729 -0.00282367 44.809 4500.42 4.183
22.9185 -0.00282843 45.2 4500.42 4.183
22.9621 -0.00281921 44.399 4500.42 4.183
23.0073 -0.00282486 44.799 4500.42 4.183
23.0497 -0.00282545 43.59 4500.42 4.183
23.0957 -0.00282843 44.809 4500.42 4.183
23.1397 -0.00282739 44.389 4500.42 4.183
23.1833 -0.00282798 44 4500.42 4.183
23.2265 -0.00282174 43.61 4500.42 4.183
23.2725 -0.00281608 44.789 4500.42 4.183
23.3173 -0.00282263 44.8 4500.42 4.183
23.3613 -0.00282322 44.399 4500.42 4.183
23.4057 -0.00281757 44.399 4500.42 4.183
23.4501 -0.00282382 44.409 4500.42 4.183
23.4945 -0.00282099 44.399 4500.42 4.183
23.5397 -0.00281534 44.79 4500.42 4.183
23.5845 -0.00282345 44.799 4500.42 4.183
23.6293 -0.00282144 44.799 4500.42 4.183
23.6741 -0.00281311 44.8 4500.42 4.183
23.7173 -0.0028265 44 4500.42 4.183
23.7613 -0.00281965 44.01 4500.42 4.183
23.8069 -0.00281013 44.799 4500.42 4.183
23.8509 -0.00281951 44.399 4500.42 4.183
23.8961 -0.00281519 44.799 4500.42 4.183
23.9401 -0.00281534 44.4 4500.42 4.183
23.9853 -0.00281556 44.789 4500.42 4.183
24.0301 -0.0028146 44.799 4500.42 4.183
24.0749 -0.00281832 44.8 4500.42 4.183
