Положение (мм) ,Сигнал усреднённый (В), Δ (мкм), Кол-во выборок сигнала АЦП:1 Энергия пучка: Ток пучка: 
3.43967 -0.00280267 134.98 4500.42 5.186
3.52877 -0.00280581 112.039 4500.42 5.186
3.63857 -0.00280117 110.92 4500.42 5.186
3.75179 -0.00278314 112.07 4500.42 5.186
3.86156 -0.00278689 110.92 4500.42 5.186
3.97288 -0.00280462 111.119 4500.42 5.186
4.08372 -0.00280096 110.98 4500.42 5.186
4.19472 -0.00279998 110.99 4500.42 5.186
4.27577 -0.00279528 96.02 4500.42 5.186
4.40155 -0.00278564 110.9 4500.42 5.186
4.51473 -0.00280021 112.039 4500.42 5.186
4.62461 -0.00280039 110.96 4500.42 5.186
4.73577 -0.0027992 111.06 4500.42 5.186
4.84879 -0.00279807 112.039 4500.42 5.186
4.96069 -0.00279879 111.97 4500.42 5.186
5.04058 -0.00279873 95.93 4500.42 5.186
5.16677 -0.00280432 111.06 4500.42 5.186
5.27765 -0.0027992 110.97 4500.42 5.186
5.39088 -0.00279715 112.099 4500.42 5.186
5.5026 -0.00279783 111.909 4500.42 5.186
5.61469 -0.00279849 112 4500.42 5.186
5.72065 -0.00279885 108.979 4500.42 5.186
5.83191 -0.00279766 110.12 4500.42 5.186
5.94559 -0.00279754 111.899 4500.42 5.186
6.02367 -0.00280093 94.99 4500.42 5.186
6.15276 -0.00279605 112.04 4500.42 5.186
6.26472 -0.00280277 112 4500.42 5.186
6.37484 -0.00280224 111.059 4500.42 5.186
6.48566 -0.00280566 110.94 4500.42 5.186
6.59876 -0.00280551 112.02 4500.42 5.186
6.70664 -0.00281039 109.949 4500.42 5.186
6.81881 -0.00281045 111.06 4500.42 5.186
6.89965 -0.00281271 95.95 4500.42 5.186
7.02786 -0.0028108 112.079 4500.42 5.186
7.13956 -0.00281526 111.889 4500.42 5.186
7.24987 -0.0028152 111.1 4500.42 5.186
7.36267 -0.00281134 111.95 4500.42 5.186
7.47094 -0.00281515 110.109 4500.42 5.186
7.58257 -0.00282044 110.87 4500.42 5.186
7.68992 -0.00282187 109.109 4500.42 5.186
7.80471 -0.00282419 111.95 4500.42 5.186
7.8847 -0.00282401 95.97 4500.42 5.186
8.01081 -0.00282312 111.04 4500.42 5.186
8.12173 -0.00282538 110.979 4500.42 5.186
8.23287 -0.00282823 111.06 4500.42 5.186
8.34769 -0.0028271 112.94 4500.42 5.186
8.45681 -0.00282966 111.029 4500.42 5.186
8.56558 -0.00283442 109.899 4500.42 5.186
8.6801 -0.00283567 112.21 4500.42 5.186
8.78955 -0.00283585 110.829 4500.42 5.186
8.89986 -0.00284322 110.569 4500.42 5.186
9.01117 -0.00292382 110.94 4500.42 5.186
9.12435 -0.00316962 112.059 4500.42 5.186
9.23413 -0.00349804 110.92 4500.42 5.186
9.34537 -0.0038255 111.079 4500.42 5.186
9.45631 -0.00415916 111.01 4500.42 5.186
9.56718 -0.00442161 110.939 4500.42 5.186
9.68024 -0.00452196 112 4500.42 5.186
9.75838 -0.00455331 95.069 4500.42 5.186
9.88727 -0.00455515 111.98 4500.42 5.186
9.99937 -0.0045592 112.04 4500.42 5.186
10.1111 -0.00456651 111.879 4500.42 5.186
10.2235 -0.00455479 112.14 4500.42 5.186
10.3352 -0.00456324 111.93 4500.42 5.186
10.4435 -0.00455801 110.089 4500.42 5.186
10.5533 -0.00455277 109.949 4500.42 5.186
10.6332 -0.00457002 94.939 4500.42 5.186
10.7584 -0.00455402 110.05 4500.42 5.186
10.8722 -0.00455688 111.95 4500.42 5.186
10.9843 -0.00455592 112.039 4500.42 5.186
11.0943 -0.00455581 110.99 4500.42 5.186
11.2074 -0.00455646 112.059 4500.42 5.186
11.3192 -0.00455004 111.93 4500.42 5.186
11.3993 -0.00455491 96 4500.42 5.186
11.5234 -0.0045467 110.069 4500.42 5.186
11.6373 -0.00455836 111.97 4500.42 5.186
11.7494 -0.00455682 112.039 4500.42 5.186
11.8574 -0.00455587 110.01 4500.42 5.186
11.9713 -0.00455503 111.969 4500.42 5.186
12.0834 -0.00455051 112.02 4500.42 5.186
12.1933 -0.00455319 110.959 4500.42 5.186
12.3043 -0.00454879 110.99 4500.42 5.186
12.4173 -0.00455444 111.99 4500.42 5.186
12.5294 -0.00454492 112.049 4500.42 5.186
12.6411 -0.0045445 111.899 4500.42 5.186
12.7494 -0.00454498 110.07 4500.42 5.186
12.8634 -0.00453058 112.02 4500.42 5.186
12.9735 -0.0045404 111.079 4500.42 5.186
13.0862 -0.00453555 111.879 4500.42 5.186
13.1984 -0.00455872 112.049 4500.42 5.186
13.3084 -0.00454028 111 4500.42 5.186
13.4194 -0.00454427 111.039 4500.42 5.186
13.5284 -0.00453725 110.02 4500.42 5.186
13.6343 -0.00452749 107.95 4500.42 5.186
13.7484 -0.00452481 111.01 4500.42 5.186
13.8594 -0.00448282 111.009 4500.42 5.186
13.9723 -0.00433714 111.97 4500.42 5.186
14.0823 -0.00388383 110.97 4500.42 5.186
14.1974 -0.00339602 113.049 4500.42 5.186
14.2743 -0.00310228 94.97 4500.42 5.186
14.4014 -0.00291603 111.029 4500.42 5.186
14.5123 -0.00286285 110.99 4500.42 5.186
14.6213 -0.00286351 109.949 4500.42 5.186
14.7372 -0.00286148 112.959 4500.42 5.186
14.8425 -0.00285899 109.1 4500.42 5.186
14.9574 -0.00285756 112.019 4500.42 5.186
15.0673 -0.0028622 110.96 4500.42 5.186
15.1804 -0.00286142 112 4500.42 5.186
15.2584 -0.00286178 95.029 4500.42 5.186
15.3853 -0.00285928 110.95 4500.42 5.186
15.4965 -0.00285881 111.089 4500.42 5.186
15.6092 -0.00285899 111.909 4500.42 5.186
15.7215 -0.00285946 112.07 4500.42 5.186
15.8334 -0.00285554 111.989 4500.42 5.186
15.9455 -0.00285524 112.03 4500.42 5.186
