Положение (мм) ,Сигнал усреднённый (В), Δ (мкм), Кол-во выборок сигнала АЦП:10 Энергия пучка: Ток пучка: 
0.18208 -0.00844219 47.58 4500.42 3.961
0.224099 -0.00843516 44.799 4500.42 3.961
0.2673 -0.00844557 44 4500.42 3.961
0.311299 -0.0084185 43.999 4500.42 3.961
0.3569 -0.00844171 44.8 4500.42 3.961
0.4017 -0.00842832 44.8 4500.42 3.961
0.445699 -0.00843873 44.399 4500.42 3.961
0.490099 -0.00841791 44.399 4500.42 3.961
0.5329 -0.00844498 43.6 4500.42 3.961
0.5789 -0.00842564 44.8 4500.42 3.961
0.622899 -0.00842758 44.399 4500.42 3.961
0.668099 -0.0084185 44.799 4500.42 3.961
0.712099 -0.00845822 44.399 4500.42 3.961
0.756499 -0.00841701 44.399 4500.42 3.961
0.8001 -0.00845584 44 4500.42 3.961
0.844899 -0.0084249 44.399 4500.42 3.961
0.889299 -0.00844528 44.399 4500.42 3.961
0.9345 -0.00842758 44.8 4500.42 3.961
0.979299 -0.00844156 44.799 4500.42 3.961
1.0233 -0.00842624 44.399 4500.42 3.961
1.0685 -0.00842259 44.8 4500.42 3.961
1.1125 -0.00840467 44.399 4500.42 3.961
1.1561 -0.00844632 44 4500.42 3.961
1.2009 -0.00839902 44.399 4500.42 3.961
1.2461 -0.00842311 44.799 4500.42 3.961
1.2901 -0.00842847 44.399 4500.42 3.961
1.3345 -0.00843442 44.399 4500.42 3.961
1.3765 -0.00842817 43.199 4500.42 3.961
1.4229 -0.00841434 44.8 4500.42 3.961
1.4669 -0.00842103 44.399 4500.42 3.961
1.5097 -0.00842981 43.599 4500.42 3.961
1.5549 -0.00841017 44.399 4500.42 3.961
1.5993 -0.00844081 44.399 4500.42 3.961
1.6437 -0.00839366 44.399 4500.42 3.961
1.6889 -0.00841657 44.799 4500.42 3.961
1.7329 -0.00839322 44.399 4500.42 3.961
1.7773 -0.00843263 44.4 4500.42 3.961
1.8225 -0.00842401 44.799 4500.42 3.961
1.8665 -0.0084185 44.399 4500.42 3.961
1.9109 -0.00840586 44.399 4500.42 3.961
1.9561 -0.00840809 44.799 4500.42 3.961
1.9993 -0.00842862 44 4500.42 3.961
2.0449 -0.00841315 44.8 4500.42 3.961
2.0901 -0.0084066 44.999 4500.42 3.961
2.13388 -0.00844186 44.389 4500.42 3.961
2.17751 -0.0083831 44.01 4500.42 3.961
2.2223 -0.00843085 44.399 4500.42 3.961
2.2667 -0.00840415 44.399 4500.42 3.961
2.3111 -0.00842817 44.399 4500.42 3.961
2.3555 -0.00839381 44.399 4500.42 3.961
2.4007 -0.0084133 44.799 4500.42 3.961
2.4439 -0.00839753 44 4500.42 3.961
2.4879 -0.00842118 44 4500.42 3.961
2.5327 -0.00841493 44.399 4500.42 3.961
2.5779 -0.00840868 44.799 4500.42 3.961
2.6235 -0.0084072 45.199 4500.42 3.961
2.6663 -0.00841642 44 4500.42 3.961
2.7111 -0.00841873 44.399 4500.42 3.961
2.7555 -0.00837864 44.399 4500.42 3.961
2.8007 -0.00841434 44.799 4500.42 3.961
2.8439 -0.0084252 44 4500.42 3.961
2.8895 -0.00837998 44.799 4500.42 3.961
2.9351 -0.00843665 45.199 4500.42 3.961
2.9795 -0.00839545 44.799 4500.42 3.961
3.0235 -0.00840526 44.399 4500.42 3.961
3.0679 -0.00840824 44.399 4500.42 3.961
3.1131 -0.00840906 44.799 4500.42 3.961
3.1579 -0.00841032 44.8 4500.42 3.961
3.2027 -0.00839857 44.799 4500.42 3.961
3.2475 -0.00841225 44.799 4500.42 3.961
3.2923 -0.0084304 44.799 4500.42 3.961
3.3371 -0.00840288 44.799 4500.42 3.961
3.38188 -0.00839842 44.789 4500.42 3.961
3.42751 -0.00841211 45.209 4500.42 3.961
3.4719 -0.00839887 44.799 4500.42 3.961
3.5167 -0.0084014 44.8 4500.42 3.961
3.5615 -0.00839738 44.799 4500.42 3.961
3.6063 -0.00841538 44.799 4500.42 3.961
3.6511 -0.00839143 44.799 4500.42 3.961
3.6959 -0.0084008 44.799 4500.42 3.961
3.7407 -0.00841701 44.799 4500.42 3.961
3.7855 -0.00839217 44.799 4500.42 3.961
3.8295 -0.00839455 44.399 4500.42 3.961
3.8739 -0.00840526 44.399 4500.42 3.961
3.91908 -0.00839411 44.789 4500.42 3.961
3.96311 -0.00840645 44.41 4500.42 3.961
4.0067 -0.00841032 44 4500.42 3.961
4.0499 -0.00839426 43.6 4500.42 3.961
4.0935 -0.00842118 43.599 4500.42 3.961
4.1387 -0.00836956 44.399 4500.42 3.961
4.1839 -0.00840883 44.8 4500.42 3.961
4.2287 -0.00839783 44.8 4500.42 3.961
4.2719 -0.00839842 43.999 4500.42 3.961
4.3175 -0.00839046 44.8 4500.42 3.961
4.3615 -0.00839262 44.399 4500.42 3.961
4.4059 -0.00839039 44.4 4500.42 3.961
4.4511 -0.00840288 44.799 4500.42 3.961
4.49588 -0.00838563 44.789 4500.42 3.961
4.53991 -0.00842177 44.41 4500.42 3.961
4.5851 -0.00837135 44.8 4500.42 3.961
4.6275 -0.00840958 43.599 4500.42 3.961
4.6735 -0.00839857 44.8 4500.42 3.961
4.7167 -0.00840556 43.999 4500.42 3.961
4.7615 -0.00838161 44.4 4500.42 3.961
4.8067 -0.00840541 44.799 4500.42 3.961
4.8515 -0.00836986 44.8 4500.42 3.961
4.8939 -0.00839723 43.599 4500.42 3.961
4.9391 -0.00838489 44.4 4500.42 3.961
4.9843 -0.00838608 44.799 4500.42 3.961
5.0291 -0.00835514 44.8 4500.42 3.961
5.0731 -0.00838994 44.399 4500.42 3.961
5.1179 -0.00839679 44.599 4500.42 3.961
5.1621 -0.00835647 44.4 4500.42 3.961
5.1953 -0.00838191 38.8 4500.42 3.961
5.2445 -0.00840021 43.999 4500.42 3.961
5.2901 -0.00838994 44.8 4500.42 3.961
5.3341 -0.0083831 44.399 4500.42 3.961
5.3793 -0.00839931 44.8 4500.42 3.961
5.4233 -0.00837432 44.399 4500.42 3.961
5.4669 -0.00837923 44 4500.42 3.961
5.51168 -0.0083953 44.389 4500.42 3.961
5.55531 -0.00835841 44.01 4500.42 3.959
5.5993 -0.00838079 43.999 4500.42 3.959
5.6449 -0.00837551 44.8 4500.42 3.959
5.6897 -0.00838265 44.799 4500.42 3.959
5.7337 -0.00838697 44.4 4500.42 3.959
5.7789 -0.00836138 44.799 4500.42 3.959
5.8221 -0.00838727 44 4500.42 3.959
5.8677 -0.00838682 44.799 4500.42 3.959
5.9125 -0.00837209 44.8 4500.42 3.959
5.9557 -0.00837425 43.999 4500.42 3.959
6.0013 -0.0083828 44.8 4500.42 3.959
6.0461 -0.00837804 44.799 4500.42 3.959
6.0885 -0.00837923 43.6 4500.42 3.959
6.1329 -0.00836138 43.999 4500.42 3.959
6.1769 -0.00840437 44 4500.42 3.959
6.22248 -0.00835811 44.789 4500.42 3.959
6.26731 -0.0083776 44.81 4500.42 3.959
6.31128 -0.00836376 44.389 4500.42 3.959
6.35571 -0.0083593 44.41 4500.42 3.959
6.4009 -0.00837551 44.799 4500.42 3.959
6.4457 -0.00836555 44.8 4500.42 3.959
6.4905 -0.00835171 44.8 4500.42 3.959
6.5345 -0.00837061 44.399 4500.42 3.959
6.5797 -0.00835662 44.8 4500.42 3.959
6.6245 -0.00833848 44.799 4500.42 3.959
6.6685 -0.00838935 44.4 4500.42 3.959
6.7137 -0.00834353 44.799 4500.42 3.959
6.7585 -0.00838563 44.8 4500.42 3.959
6.8025 -0.00832747 44.399 4500.42 3.959
6.8469 -0.00840571 44.4 4500.42 3.959
6.8921 -0.00834993 44.799 4500.42 3.959
6.9361 -0.00833848 44.4 4500.42 3.959
6.9805 -0.00837551 44.399 4500.42 3.959
7.0257 -0.00832985 44.8 4500.42 3.959
7.0697 -0.00837447 44.399 4500.42 3.959
7.1141 -0.00834576 44.4 4500.42 3.959
7.1593 -0.00835752 44.799 4500.42 3.959
7.2033 -0.00834011 44.4 4500.42 3.959
7.2477 -0.0083535 44.399 4500.42 3.959
7.2913 -0.00835052 44 4500.42 3.959
7.3345 -0.00834041 43.599 4500.42 3.959
7.3805 -0.00838295 44.8 4500.42 3.959
7.42608 -0.00833684 45.189 4500.42 3.959
7.46969 -0.00836198 44.4 4500.42 3.959
7.51411 -0.00833937 44.409 4500.42 3.959
7.5585 -0.00839203 44.4 4500.42 3.959
7.6029 -0.00831988 44.4 4500.42 3.959
7.6481 -0.00834576 44.799 4500.42 3.959
7.6921 -0.00837046 44.4 4500.42 3.959
7.7365 -0.0083178 44.399 4500.42 3.959
7.7817 -0.00836837 44.8 4500.42 3.959
7.8265 -0.00831973 44.799 4500.42 3.959
7.8705 -0.00833312 44.4 4500.42 3.959
7.9149 -0.0083474 44.399 4500.42 3.959
7.9601 -0.00832531 44.8 4500.42 3.959
8.00488 -0.00834933 44.789 4500.42 3.959
8.04891 -0.00831021 44.41 4500.42 3.959
8.0921 -0.00836034 43.799 4500.42 3.959
8.1379 -0.00830174 44.8 4500.42 3.959
8.1819 -0.00833208 44.399 4500.42 3.959
8.2263 -0.0083236 44.4 4500.42 3.959
8.2715 -0.00829638 44.799 4500.42 3.959
8.3163 -0.00832821 44.8 4500.42 3.959
8.3619 -0.00834487 45.2 4500.42 3.959
8.4063 -0.0083361 44.799 4500.42 3.959
8.4511 -0.00829861 44.8 4500.42 3.959
8.4959 -0.00835365 44.8 4500.42 3.959
8.5399 -0.0083233 44.399 4500.42 3.959
8.5843 -0.00832866 44.399 4500.42 3.959
8.6295 -0.00834829 44.8 4500.42 3.959
8.6735 -0.0083062 44.399 4500.42 3.959
8.7171 -0.00833171 44 4500.42 3.959
8.75948 -0.00828924 43.19 4500.42 3.959
8.80591 -0.0083532 44.81 4500.42 3.959
8.8507 -0.0082943 44.799 4500.42 3.959
8.8955 -0.00831825 44.8 4500.42 3.959
8.9395 -0.00833669 44.399 4500.42 3.959
8.98308 -0.00830516 43.99 4500.42 3.959
9.02711 -0.00831572 44.01 4500.42 3.959
9.0719 -0.00830798 44.399 4500.42 3.959
9.1171 -0.00831587 44.8 4500.42 3.959
9.1611 -0.00830917 44.399 4500.42 3.959
9.20708 -0.00831899 45.189 4500.42 3.959
9.25071 -0.00831438 44.41 4500.42 3.959
9.29588 -0.00830456 44.789 4500.42 3.959
9.34151 -0.00830992 45.21 4500.42 3.959
9.3859 -0.00827749 44.8 4500.42 3.959
9.4307 -0.00831364 44.799 4500.42 3.959
9.46268 -0.00829593 38.389 4500.42 3.959
9.51311 -0.00831126 44.41 4500.42 3.959
9.5567 -0.00830032 44 4500.42 3.959
9.6015 -0.00830203 44.399 4500.42 3.959
9.6459 -0.0083065 44.399 4500.42 3.959
9.6903 -0.00830962 44.399 4500.42 3.959
9.7347 -0.00829013 44.4 4500.42 3.959
9.7791 -0.00828865 44.399 4500.42 3.959
9.8243 -0.00829593 44.8 4500.42 3.959
9.8667 -0.00829802 43.599 4500.42 3.959
9.9111 -0.00829422 44 4500.42 3.959
9.9559 -0.0082827 44.399 4500.42 3.959
10.0003 -0.00830233 44.399 4500.42 3.959
10.0447 -0.00828894 44.399 4500.42 3.959
10.0891 -0.00828775 44.4 4500.42 3.959
10.1335 -0.00831081 44.399 4500.42 3.959
10.1779 -0.00827228 44.399 4500.42 3.959
10.2239 -0.00831735 45.199 4500.42 3.959
10.2683 -0.00828894 44.8 4500.42 3.959
10.3131 -0.00829058 44.8 4500.42 3.959
10.3579 -0.00827124 44.79 4500.42 3.959
10.4027 -0.00829653 44.81 4500.42 3.959
10.4475 -0.00827526 44.799 4500.42 3.959
10.4923 -0.00827585 44.8 4500.42 3.959
10.5371 -0.00829698 44.8 4500.42 3.959
10.5811 -0.00828284 44.399 4500.42 3.959
10.6263 -0.00827853 44.8 4500.42 3.959
10.6711 -0.00827466 44.8 4500.42 3.959
10.7151 -0.00828515 44.399 4500.42 3.959
10.7587 -0.00825592 44 4500.42 3.959
10.8027 -0.00828522 43.989 4500.42 3.959
10.8483 -0.00827689 44.81 4500.42 3.959
10.8931 -0.00827199 44.8 4500.42 3.959
10.9355 -0.00828716 43.599 4500.42 3.959
10.9799 -0.00827318 44 4500.42 3.959
11.0263 -0.0082946 45.199 4500.42 3.959
11.0691 -0.00827957 44 4500.42 3.959
11.1127 -0.00826373 43.799 4500.42 3.959
11.1577 -0.00827422 44.4 4500.42 3.959
11.2029 -0.00825592 44.799 4500.42 3.959
11.2477 -0.00827615 44.79 4500.42 3.959
11.2933 -0.00826812 45.21 4500.42 3.959
11.3377 -0.00827808 44.799 4500.42 3.959
11.3825 -0.00828389 44.8 4500.42 3.959
11.4257 -0.008247 44 4500.42 3.959
11.4705 -0.0082766 44.399 4500.42 3.959
11.5157 -0.00827689 44.8 4500.42 3.959
11.5605 -0.00826425 44.8 4500.42 3.959
11.6053 -0.00825592 44.799 4500.42 3.959
11.6501 -0.00828969 44.8 4500.42 3.959
11.6949 -0.00824417 44.8 4500.42 3.959
11.7397 -0.0082757 44.8 4500.42 3.959
11.7845 -0.00826723 44.799 4500.42 3.959
11.8293 -0.00826388 44.8 4500.42 3.959
11.8733 -0.00826366 44.4 4500.42 3.959
11.9177 -0.00827065 44.399 4500.42 3.959
11.9629 -0.00828314 44.8 4500.42 3.959
12.0069 -0.00824298 44.399 4500.42 3.959
12.0505 -0.00827898 44 4500.42 3.959
12.0961 -0.00825905 44.799 4500.42 3.959
12.1393 -0.00826217 44 4500.42 3.959
12.1849 -0.00826366 44.8 4500.42 3.959
12.2297 -0.00824759 44.8 4500.42 3.959
12.2737 -0.00826455 44.399 4500.42 3.959
12.3181 -0.00825369 44.399 4500.42 3.959
12.3625 -0.00826529 44.399 4500.42 3.959
12.4077 -0.00826827 44.8 4500.42 3.959
12.4509 -0.00825384 44 4500.42 3.959
12.4957 -0.00827377 44.399 4500.42 3.959
12.5393 -0.00827377 44 4500.42 3.959
12.5849 -0.00826009 44.8 4500.42 3.959
12.6297 -0.00825012 44.799 4500.42 3.959
12.6745 -0.00826931 44.8 4500.42 3.959
12.7169 -0.00826871 43.59 4500.42 3.959
12.7621 -0.00827065 44.41 4500.42 3.959
12.8073 -0.00824506 44.789 4500.42 3.959
12.8521 -0.00826723 44.81 4500.42 3.959
12.8969 -0.00824908 44.8 4500.42 3.959
12.9409 -0.00826083 44.399 4500.42 3.959
12.9853 -0.00826232 44.399 4500.42 3.959
13.0305 -0.008258 44.8 4500.42 3.959
13.0745 -0.00823733 44.399 4500.42 3.959
13.1197 -0.00825533 44.8 4500.42 3.959
13.1645 -0.00825533 44.8 4500.42 3.959
13.2093 -0.00825681 44.8 4500.42 3.959
13.2541 -0.00824372 44.8 4500.42 3.959
13.2989 -0.00824878 44.799 4500.42 3.959
13.3421 -0.00825979 44 4500.42 3.959
13.3861 -0.00823673 44 4500.42 3.959
13.4309 -0.00824365 44.399 4500.42 3.959
13.4745 -0.00824417 44 4500.42 3.959
13.5193 -0.00823168 44.399 4500.42 3.959
13.5629 -0.00825681 44 4500.42 3.956
13.6069 -0.00825161 44 4500.42 3.956
13.6517 -0.00822706 44.399 4500.42 3.956
13.6969 -0.00826291 44.8 4500.42 3.956
13.7401 -0.00824209 43.999 4500.42 3.956
13.7857 -0.00825414 44.8 4500.42 3.956
13.8305 -0.00826499 44.8 4500.42 3.956
13.8753 -0.00824484 44.8 4500.42 3.956
13.9201 -0.00824848 44.799 4500.42 3.956
13.9649 -0.00823807 44.8 4500.42 3.956
14.0081 -0.00827392 44 4500.42 3.956
14.0537 -0.00823182 44.8 4500.42 3.956
14.0973 -0.00826812 44.2 4500.42 3.956
14.1419 -0.0082589 44.399 4500.42 3.956
14.1871 -0.00823644 44.8 4500.42 3.956
14.2319 -0.00826038 44.789 4500.42 3.956
14.2751 -0.00826618 44.01 4500.42 3.956
14.3207 -0.00826306 44.8 4500.42 3.956
14.3655 -0.00824804 44.79 4500.42 3.956
14.4095 -0.00826871 44.409 4500.42 3.956
14.4539 -0.00826306 44.399 4500.42 3.956
14.4975 -0.00824967 44 4500.42 3.956
14.5423 -0.00824923 44.399 4500.42 3.956
14.5867 -0.0082409 44.399 4500.42 3.956
14.6319 -0.00826499 44.8 4500.42 3.956
14.6759 -0.00823301 44.4 4500.42 3.956
14.7211 -0.00829519 44.799 4500.42 3.956
14.7659 -0.00823614 44.8 4500.42 3.956
14.8107 -0.00828225 44.8 4500.42 3.956
14.8547 -0.00826232 44.399 4500.42 3.956
14.8991 -0.00824358 44.399 4500.42 3.956
14.9443 -0.0082943 44.8 4500.42 3.956
14.9883 -0.00822721 44.399 4500.42 3.956
15.0327 -0.00826715 44.4 4500.42 3.956
15.0771 -0.00824372 44.399 4500.42 3.956
15.1207 -0.00826589 44 4500.42 3.956
15.1663 -0.00825131 44.799 4500.42 3.956
15.2103 -0.00826024 44.4 4500.42 3.956
15.2547 -0.00827511 44.399 4500.42 3.956
15.2991 -0.00825369 44.399 4500.42 3.956
15.3307 -0.00827407 38 4500.42 3.956
15.3815 -0.00824015 44.399 4500.42 3.956
15.4267 -0.00828032 44.8 4500.42 3.956
15.4715 -0.00824856 44.8 4500.42 3.956
15.5155 -0.0082821 44.399 4500.42 3.956
15.5607 -0.00824938 44.8 4500.42 3.956
15.6047 -0.0082757 44.399 4500.42 3.956
15.6499 -0.00824967 44.8 4500.42 3.956
15.6947 -0.00826455 44.8 4500.42 3.956
15.7387 -0.00826752 44.399 4500.42 3.956
15.7831 -0.00825652 44.399 4500.42 3.956
15.8283 -0.00828165 44.8 4500.42 3.956
15.8723 -0.00825042 44.399 4500.42 3.956
15.9175 -0.00827147 44.8 4500.42 3.956
15.9623 -0.008258 44.79 4500.42 3.956
16.0063 -0.0082818 44.409 4500.42 3.956
16.0483 -0.00825562 43.199 4500.42 3.956
16.0939 -0.00826485 44.399 4500.42 3.956
16.1359 -0.00829013 43.2 4500.42 3.956
16.1823 -0.00826068 44.799 4500.42 3.956
16.2271 -0.00829623 44.8 4500.42 3.956
16.2695 -0.00826916 43.599 4500.42 3.956
16.3147 -0.00827518 44.399 4500.42 3.956
16.3591 -0.00824789 44.399 4500.42 3.956
16.4043 -0.00830783 44.8 4500.42 3.956
16.4507 -0.0082528 45.59 4500.42 3.956
16.4939 -0.00827942 44.409 4500.42 3.956
16.5399 -0.00827704 45.2 4500.42 3.956
16.5843 -0.00825696 44.799 4500.42 3.956
16.6291 -0.00830367 44.799 4500.42 3.956
16.6739 -0.00826529 44.8 4500.42 3.956
16.7179 -0.00825101 44.399 4500.42 3.956
16.7607 -0.0082757 43.589 4500.42 3.956
16.8067 -0.00828656 44.81 4500.42 3.956
16.8507 -0.00828403 44.389 4500.42 3.956
16.8959 -0.00827779 44.809 4500.42 3.956
16.9399 -0.00827913 44.399 4500.42 3.956
16.9843 -0.00827213 44.389 4500.42 3.956
17.0295 -0.00829073 44.81 4500.42 3.956
17.0739 -0.00829222 44.599 4500.42 3.956
17.1189 -0.00825979 44.8 4500.42 3.956
17.1637 -0.0082647 44.799 4500.42 3.956
17.2085 -0.00824789 44.799 4500.42 3.956
17.2525 -0.00826425 44.4 4500.42 3.956
17.2977 -0.00821754 44.799 4500.42 3.956
17.3409 -0.00820535 44 4500.42 3.956
17.3873 -0.00818304 45.189 4500.42 3.956
17.4317 -0.0081219 44.81 4500.42 3.956
17.4765 -0.00808687 44.799 4500.42 3.956
17.5205 -0.0080151 44.399 4500.42 3.956
17.5649 -0.00799903 44.389 4500.42 3.956
17.6085 -0.00790681 44.01 4500.42 3.956
17.6541 -0.00789789 44.8 4500.42 3.956
17.6981 -0.00782961 44.399 4500.42 3.956
17.7433 -0.00778796 44.799 4500.42 3.956
17.7881 -0.00772712 44.789 4500.42 3.956
17.8329 -0.00767908 44.81 4500.42 3.956
17.8777 -0.00760262 44.799 4500.42 3.956
17.9209 -0.00755145 43.99 4500.42 3.956
17.9657 -0.00752602 44.399 4500.42 3.956
18.0109 -0.00744049 44.8 4500.42 3.956
18.0557 -0.00741565 44.809 4500.42 3.956
18.1005 -0.00736968 44.8 4500.42 3.956
18.1453 -0.00732134 44.799 4500.42 3.956
18.1893 -0.00725746 44.399 4500.42 3.956
18.2345 -0.00717557 44.799 4500.42 3.956
18.2793 -0.00713809 44.8 4500.42 3.956
18.3241 -0.00707323 44.799 4500.42 3.956
18.3681 -0.00704467 44.399 4500.42 3.956
18.4133 -0.00699053 44.8 4500.42 3.956
18.4573 -0.00693787 44.399 4500.42 3.956
18.5025 -0.00690113 44.799 4500.42 3.956
18.5457 -0.00682244 44 4500.42 3.956
18.5905 -0.00675134 44.399 4500.42 3.956
18.6357 -0.00669854 44.8 4500.42 3.956
18.6805 -0.00665942 44.799 4500.42 3.956
18.7245 -0.00661048 44.399 4500.42 3.956
18.7689 -0.00656214 44.399 4500.42 3.956
18.8141 -0.00650814 44.8 4500.42 3.956
18.8581 -0.00645682 44.399 4500.42 3.956
18.9033 -0.00639204 44.799 4500.42 3.956
18.9473 -0.00631536 44.399 4500.42 3.956
18.9909 -0.00627952 44 4500.42 3.956
19.0365 -0.00621764 44.8 4500.42 3.956
19.0805 -0.00618045 44.399 4500.42 3.956
19.1241 -0.00611917 44 4500.42 3.956
19.1681 -0.00606636 43.999 4500.42 3.956
19.2113 -0.00603438 43.6 4500.42 3.956
19.2557 -0.00596492 44 4500.42 3.956
19.3013 -0.00591047 44.799 4500.42 3.956
19.3461 -0.00583089 44.8 4500.42 3.956
19.3909 -0.00580516 44.799 4500.42 3.956
19.4349 -0.0057348 44.399 4500.42 3.956
19.4817 -0.00569985 45.6 4500.42 3.956
19.5249 -0.00563589 44.399 4500.42 3.956
19.5701 -0.00558695 44.8 4500.42 3.953
19.6141 -0.00555259 44.399 4500.42 3.953
19.6593 -0.00549458 44.789 4500.42 3.953
19.7033 -0.00542533 44.409 4500.42 3.953
19.7477 -0.0053494 44.399 4500.42 3.953
19.7929 -0.0053198 44.8 4500.42 3.953
19.8377 -0.00525405 44.789 4500.42 3.953
19.8817 -0.00521136 44.399 4500.42 3.953
19.9261 -0.00515409 44.409 4500.42 3.953
19.9705 -0.00511408 44.4 4500.42 3.953
20.0157 -0.00507065 44.799 4500.42 3.953
20.0597 -0.00501026 44.399 4500.42 3.953
20.1029 -0.00494146 43.79 4500.42 3.953
20.1479 -0.00486374 44.399 4500.42 3.953
20.1915 -0.0048267 44.01 4500.42 3.953
20.2371 -0.0047733 44.799 4500.42 3.953
20.2811 -0.00473388 44.399 4500.42 3.953
20.3263 -0.00467543 44.8 4500.42 3.953
20.3703 -0.00462366 44.399 4500.42 3.953
20.4147 -0.00458528 44.399 4500.42 3.953
20.4599 -0.00453055 44.799 4500.42 3.953
20.5039 -0.00446472 44.399 4500.42 3.953
20.5491 -0.00437421 44.8 4500.42 3.953
20.5931 -0.0043464 44.399 4500.42 3.953
20.6383 -0.00427886 44.799 4500.42 3.953
20.6823 -0.00423841 44.399 4500.42 3.953
20.7275 -0.00418828 44.79 4500.42 3.953
20.7723 -0.00414053 44.799 4500.42 3.953
20.8171 -0.00409724 44.81 4500.42 3.953
20.8595 -0.00403328 43.599 4500.42 3.953
20.9039 -0.00397073 44 4500.42 3.953
20.9487 -0.00388498 44.399 4500.42 3.953
20.9923 -0.00384884 44 4500.42 3.953
21.0371 -0.00379544 44.399 4500.42 3.953
21.0799 -0.00374754 43.6 4500.42 3.953
21.1259 -0.00369994 44.799 4500.42 3.953
21.1707 -0.0036577 44.789 4500.42 3.953
21.2155 -0.0036156 44.81 4500.42 3.953
21.2595 -0.00356131 44.389 4500.42 3.953
21.3039 -0.00348998 44.399 4500.42 3.953
21.3491 -0.00341152 44.8 4500.42 3.953
21.3939 -0.00336764 44.809 4500.42 3.953
21.4387 -0.00332123 44.799 4500.42 3.953
21.4827 -0.00326753 44.4 4500.42 3.953
21.5279 -0.00322246 44.799 4500.42 3.953
21.5711 -0.00317516 43.99 4500.42 3.953
21.6175 -0.00312771 45.209 4500.42 3.953
21.6603 -0.00305542 44 4500.42 3.953
21.7059 -0.00299756 44.8 4500.42 3.953
21.7499 -0.00295873 44.399 4500.42 3.953
21.7951 -0.00291917 44.799 4500.42 3.953
21.8391 -0.00289745 44.399 4500.42 3.953
21.8843 -0.00287796 44.8 4500.42 3.953
21.9291 -0.00287127 44.799 4500.42 3.953
21.9731 -0.0028622 44.399 4500.42 3.953
22.0175 -0.00286904 44.399 4500.42 3.953
22.0627 -0.00286963 44.8 4500.42 3.953
22.1059 -0.00286502 44 4500.42 3.953
22.1507 -0.00286413 44.389 4500.42 3.953
22.1951 -0.00286755 44.399 4500.42 3.953
22.2403 -0.00286472 44.809 4500.42 3.953
22.2851 -0.00286666 44.8 4500.42 3.953
22.3283 -0.00286696 43.989 4500.42 3.953
22.3739 -0.00286383 44.8 4500.42 3.953
22.4059 -0.0028619 38.409 4500.42 3.953
22.4563 -0.00286056 44.399 4500.42 3.953
22.4991 -0.00286428 43.6 4500.42 3.953
22.5459 -0.00286554 45.199 4500.42 3.953
22.5887 -0.00286368 44 4500.42 3.953
22.6343 -0.00286026 44.8 4500.42 3.953
22.6791 -0.00286175 44.799 4500.42 3.953
22.7231 -0.00286591 44.399 4500.42 3.953
22.7643 -0.00287053 42.799 4500.42 3.953
22.8095 -0.00286145 44 4500.42 3.953
22.8543 -0.00287023 44.399 4500.42 3.953
22.8995 -0.00286577 44.8 4500.42 3.953
22.9427 -0.0028674 44 4500.42 3.953
22.9875 -0.00286234 44.399 4500.42 3.953
23.0327 -0.00286636 44.799 4500.42 3.953
23.0771 -0.00285967 44.599 4500.42 3.953
23.1205 -0.00286041 44 4500.42 3.953
23.1653 -0.00286294 44.399 4500.42 3.953
23.2097 -0.00286621 44.399 4500.42 3.953
23.2549 -0.00286339 44.8 4500.42 3.953
23.2997 -0.00286041 44.799 4500.42 3.953
23.3437 -0.00286234 44.399 4500.42 3.953
23.3873 -0.00285818 44 4500.42 3.953
23.4329 -0.00285639 44.8 4500.42 3.953
23.4769 -0.00285744 44.399 4500.42 3.953
23.5213 -0.00285104 44.399 4500.42 3.953
23.5665 -0.00285461 44.799 4500.42 3.953
23.6113 -0.0028503 44.8 4500.42 3.953
23.6553 -0.0028613 44.399 4500.42 3.953
23.7005 -0.00285238 44.799 4500.42 3.953
23.7445 -0.00284777 44.399 4500.42 3.953
23.7889 -0.00284777 44.399 4500.42 3.953
23.8341 -0.00284881 44.8 4500.42 3.953
23.8781 -0.00285327 44.399 4500.42 3.953
23.9217 -0.00285238 44 4500.42 3.953
23.9665 -0.00285119 44.389 4500.42 3.953
24.0101 -0.00285833 44.01 4500.42 3.953
24.0314 -0.00285059 32.64 4500.42 3.953
24.0013 -0.00285059 1.259 4500.42 3.953
