Положение (мм) ,Сигнал усреднённый (В), Δ (мкм), Кол-во выборок сигнала АЦП:1 Энергия пучка: Ток пучка: 
14.8486 -0.00278104 -140.891 4500.42 5.186
14.7653 -0.00278094 -112.1 4500.42 5.186
14.6576 -0.00281259 -109.921 4500.42 5.186
14.5434 -0.00297403 -112.041 4500.42 5.186
14.4316 -0.003267 -111.93 4500.42 5.186
14.3533 -0.00359696 -95.101 4500.42 5.186
14.2245 -0.00392931 -111.98 4500.42 5.186
14.1147 -0.00433158 -110.901 4500.42 5.186
14.0034 -0.0044592 -111.09 4500.42 5.186
13.8905 -0.00448389 -111.961 4500.42 5.186
13.7824 -0.00448044 -110.04 4500.42 5.186
13.6727 -0.00448538 -109.91 4500.42 5.186
13.5585 -0.00449614 -112.02 4500.42 5.186
13.4485 -0.00450126 -111.031 4500.42 5.186
13.3694 -0.00450114 -95.05 4500.42 5.186
13.2424 -0.00449965 -111.041 4500.42 5.186
13.1296 -0.00450483 -111.901 4500.42 5.186
13.0196 -0.00449561 -110.95 4500.42 5.186
12.9064 -0.00449927 -112.091 4500.42 5.186
12.7984 -0.00450185 -110.04 4500.42 5.186
12.6845 -0.00450941 -111.991 4500.42 5.186
12.5746 -0.00450798 -110.921 4500.42 5.186
12.4936 -0.00449918 -95.981 4500.42 5.186
12.3696 -0.00450857 -110 4500.42 5.186
12.2554 -0.0045006 -112.08 4500.42 5.186
12.1456 -0.00450072 -110.951 4500.42 5.186
12.0325 -0.00451256 -111.991 4500.42 5.186
11.9204 -0.00450019 -112.07 4500.42 5.186
11.8125 -0.00451259 -109.981 4500.42 5.186
11.6986 -0.00450649 -111.941 4500.42 5.186
11.6186 -0.00451393 -95.96 4500.42 5.186
11.4925 -0.00451179 -111.051 4500.42 5.186
11.3795 -0.00451315 -112.001 4500.42 5.186
11.2654 -0.00451333 -113.05 4500.42 5.186
11.1566 -0.00452065 -110.94 4500.42 5.186
11.0435 -0.00451458 -112.001 4500.42 5.186
10.9336 -0.00452333 -110.991 4500.42 5.186
10.8264 -0.00451393 -109.08 4500.42 5.186
10.7116 -0.0045227 -111.931 4500.42 5.186
10.5995 -0.00452922 -112.001 4500.42 5.186
10.4946 -0.00452666 -108.45 4500.42 5.186
10.3808 -0.00453011 -111.151 4500.42 5.186
10.27 -0.00452725 -110.961 4500.42 5.186
10.1591 -0.00452844 -110.94 4500.42 5.186
10.0501 -0.00452844 -109.96 4500.42 5.186
9.93618 -0.00451244 -111.951 4500.42 5.186
9.82405 -0.00448175 -112.041 4500.42 5.186
9.71201 -0.00427843 -112.041 4500.42 5.186
9.60213 -0.00381997 -110.961 4500.42 5.186
9.49491 -0.00347704 -109.091 4500.42 5.186
9.3802 -0.00315189 -111.9 4500.42 5.186
9.27188 -0.00288129 -110.111 4500.42 5.186
9.16021 -0.0027675 -110.89 4500.42 5.186
9.04902 -0.00275667 -111.041 4500.42 5.186
8.93808 -0.00275423 -110.99 4500.42 5.186
8.82917 -0.00275388 -109.95 4500.42 5.186
8.71496 -0.00275111 -112.081 4500.42 5.186
8.6051 -0.00274799 -110.971 4500.42 5.186
8.52605 -0.00274811 -95.011 4500.42 5.186
8.39904 -0.00274638 -111.011 4500.42 5.186
8.28605 -0.00274781 -112.001 4500.42 5.186
8.17407 -0.00274733 -111.99 4500.42 5.186
8.06214 -0.00274501 -111.961 4500.42 5.186
7.95016 -0.0027437 -111.97 4500.42 5.186
7.84003 -0.00274025 -111.05 4500.42 5.186
7.7291 -0.00273805 -110.991 4500.42 5.186
7.61627 -0.00274239 -111.91 4500.42 5.186
7.50402 -0.00273731 -112.08 4500.42 5.186
7.39426 -0.00273668 -110.921 4500.42 5.186
7.28894 -0.00273395 -108.121 4500.42 5.186
7.16516 -0.00273258 -115.95 4500.42 5.186
7.06111 -0.00273508 -110.001 4500.42 5.186
6.94709 -0.00273668 -112.01 4500.42 5.186
6.83508 -0.00272812 -112.01 4500.42 5.186
6.72711 -0.00273317 -109.99 4500.42 5.186
6.6131 -0.00272889 -112.001 4500.42 5.186
6.50116 -0.00272782 -111.971 4500.42 5.186
6.39299 -0.00272348 -110.071 4500.42 5.186
6.2792 -0.00272847 -111.93 4500.42 5.186
6.16723 -0.0027258 -111.951 4500.42 5.186
6.08714 -0.00272752 -96.021 4500.42 5.186
5.96298 -0.00272473 -110.09 4500.42 5.186
5.84921 -0.00272532 -111.931 4500.42 5.186
5.74304 -0.00272681 -109.051 4500.42 5.186
5.62817 -0.00272669 -111.96 4500.42 5.186
5.51821 -0.00272306 -110.96 4500.42 5.186
5.40523 -0.00271925 -111.971 4500.42 5.186
5.29688 -0.00271961 -110.16 4500.42 5.186
5.1813 -0.00272407 -112.871 4500.42 5.186
5.10225 -0.00271979 -95.96 4500.42 5.186
4.97611 -0.00273008 -111.051 4500.42 5.186
4.8632 -0.00272699 -111.98 4500.42 5.186
4.7529 -0.00271741 -111.14 4500.42 5.186
4.64028 -0.00271337 -111.881 4500.42 5.186
4.53014 -0.0027145 -111.011 4500.42 5.186
4.41719 -0.00271319 -111.98 4500.42 5.186
4.30913 -0.0027247 -110.02 4500.42 5.186
4.22719 -0.00273341 -95.98 4500.42 5.186
4.10525 -0.00271563 -108.961 4500.42 5.186
3.99031 -0.0027145 -111.95 4500.42 5.186
