Положение (мм) ,Сигнал усреднённый (В), Δ (мкм), Кол-во выборок сигнала АЦП:10 Энергия пучка: Ток пучка: 
1.2496 -0.00268594 133.81 4500.42 7.801
1.34173 -0.00269233 112.97 4500.42 7.801
1.45276 -0.00275329 111.999 4500.42 7.801
1.5628 -0.0029578 111.02 4500.42 7.801
1.67564 -0.0032204 111.929 4500.42 7.801
1.78771 -0.00350086 112 4500.42 7.801
1.89979 -0.00379713 112.039 4500.42 7.801
2.00389 -0.00403101 108.07 4500.42 7.801
2.11964 -0.00412573 111.909 4500.42 7.801
2.23187 -0.00416147 112.07 4500.42 7.801
2.34374 -0.00416653 111.969 4500.42 7.801
2.45379 -0.0041783 111.009 4500.42 7.801
2.5647 -0.00418049 110.959 4500.42 7.801
2.6758 -0.00416349 111.03 4500.42 7.801
2.78873 -0.00416964 111.979 4500.42 7.801
2.89891 -0.00417108 111.079 4500.42 7.801
3.00965 -0.00417346 110.91 4500.42 7.801
3.11892 -0.00418143 110.09 4500.42 7.801
3.23059 -0.00415912 110.879 4500.42 7.801
3.34189 -0.00416139 111.089 4500.42 7.801
3.45468 -0.00417972 111.94 4500.42 7.801
3.56278 -0.00417212 110.02 4500.42 7.801
3.64478 -0.00418384 96.01 4500.42 7.801
3.77277 -0.00417163 111.999 4500.42 7.801
3.88279 -0.00415813 111.01 4500.42 7.801
3.99372 -0.00417444 110.97 4500.42 7.801
4.10275 -0.00416694 109.999 4500.42 7.801
4.21481 -0.00416599 111.03 4500.42 7.801
4.32578 -0.00416759 110.999 4500.42 7.801
4.43782 -0.0041688 111.519 4500.42 7.801
4.5502 -0.00416221 111.95 4500.42 7.801
4.66239 -0.00416502 112.07 4500.42 7.801
4.77224 -0.00416343 110.959 4500.42 7.801
4.88334 -0.00417037 111.03 4500.42 7.801
4.99021 -0.0041721 108.95 4500.42 7.801
5.10524 -0.00416868 111.989 4500.42 7.801
5.21301 -0.00417009 109.88 4500.42 7.801
5.32745 -0.00416722 112.16 4500.42 7.801
5.43515 -0.00417817 109.929 4500.42 7.801
5.54752 -0.00417004 111.15 4500.42 7.801
5.65407 -0.00416916 108.849 4500.42 7.801
5.73726 -0.00417172 96.02 4500.42 7.801
5.86344 -0.00417199 111.1 4500.42 7.801
5.97404 -0.00417273 110.85 4500.42 7.801
6.08741 -0.00416108 112.109 4500.42 7.801
6.1991 -0.00416247 111.9 4500.42 7.801
6.30932 -0.00414435 111.06 4500.42 7.801
6.42024 -0.00407101 110.989 4500.42 7.801
6.52741 -0.00372831 109.08 4500.42 7.801
6.64021 -0.00331661 110.94 4500.42 7.801
6.74729 -0.00304672 109.009 4500.42 7.801
6.8562 -0.00281824 108.959 4500.42 7.801
6.96948 -0.00270817 111.12 4500.42 7.801
7.08398 -0.00269724 112.809 4500.42 7.801
7.19547 -0.00268942 112.149 4500.42 7.801
7.30512 -0.00269384 110.9 4500.42 7.801
7.41638 -0.00269437 111.08 4500.42 7.801
7.52928 -0.00269576 111.99 4500.42 7.801
7.63729 -0.00269882 109.999 4500.42 7.795
7.74927 -0.00269485 110.99 4500.42 7.795
7.85828 -0.00269786 110 4500.42 7.795
7.97024 -0.00269413 110.979 4500.42 7.795
8.08322 -0.00269277 111.979 4500.42 7.795
8.19528 -0.0026944 112.019 4500.42 7.795
8.30724 -0.00269911 111.99 4500.42 7.795
8.41931 -0.00269006 112.03 4500.42 7.795
8.53108 -0.00269233 111.9 4500.42 7.795
8.6435 -0.00269543 112.159 4500.42 7.795
8.75308 -0.00269375 110.87 4500.42 7.795
8.86247 -0.0026952 110.129 4500.42 7.795
8.97606 -0.00269178 111.86 4500.42 7.795
9.08632 -0.00269657 111.06 4500.42 7.795
9.19526 -0.00269647 109.999 4500.42 7.795
9.3092 -0.00269965 111.969 4500.42 7.795
9.42129 -0.0026946 112.03 4500.42 7.795
9.5314 -0.00269397 111.069 4500.42 7.795
9.64015 -0.00269932 109.909 4500.42 7.795
9.75226 -0.00269358 111.01 4500.42 7.795
9.86123 -0.0026962 109.989 4500.42 7.795
9.9735 -0.00269205 111.13 4500.42 7.795
10.0862 -0.002701 111.9 4500.42 7.795
10.1963 -0.00268402 111.029 4500.42 7.795
10.3071 -0.00268735 110.92 4500.42 7.795
10.4183 -0.0026844 111.039 4500.42 7.795
10.5272 -0.00269452 109.97 4500.42 7.795
10.6413 -0.0027034 112.049 4500.42 7.795
10.7533 -0.00269171 112.019 4500.42 7.795
10.8672 -0.00269046 112.96 4500.42 7.795
10.9742 -0.00268469 109.989 4500.42 7.795
11.0882 -0.00269335 111.959 4500.42 7.795
11.1964 -0.00270086 110.089 4500.42 7.795
11.3082 -0.00270115 110.96 4500.42 7.795
11.4152 -0.00269931 108.98 4500.42 7.795
11.5302 -0.00268196 112 4500.42 7.795
11.6364 -0.00268391 109.059 4500.42 7.795
11.7493 -0.00268828 110.989 4500.42 7.795
11.8583 -0.002692 109.989 4500.42 7.795
11.9703 -0.00269077 111.03 4500.42 7.795
12.0492 -0.00268992 94.949 4500.42 7.795
12.1723 -0.00268899 109.009 4500.42 7.795
12.2852 -0.00269645 110.96 4500.42 7.795
12.3962 -0.00268887 110.99 4500.42 7.795
12.5093 -0.0026877 112.059 4500.42 7.795
12.6193 -0.00268647 111.029 4500.42 7.795
12.7321 -0.00266702 111.909 4500.42 7.795
12.8403 -0.00266909 110.06 4500.42 7.795
12.9482 -0.00268587 108.95 4500.42 7.795
13.0613 -0.00269042 111.049 4500.42 7.795
13.1713 -0.00268465 110.51 4500.42 7.795
13.2837 -0.00268466 111.439 4500.42 7.795
13.3923 -0.00268303 110.049 4500.42 7.795
13.4991 -0.00268206 108.43 4500.42 7.795
13.6138 -0.00268275 111.539 4500.42 7.795
13.7243 -0.00268325 111.029 4500.42 7.795
13.8342 -0.00268581 110.459 4500.42 7.795
13.9477 -0.00267932 112 4500.42 7.795
14.0558 -0.00268316 110.01 4500.42 7.795
14.1659 -0.00268487 110.07 4500.42 7.795
14.2796 -0.00268667 111.909 4500.42 7.795
14.3919 -0.00268175 112.079 4500.42 7.795
14.5017 -0.00268159 110.97 4500.42 7.795
14.6128 -0.00268387 111.01 4500.42 7.795
14.7237 -0.00268025 110.96 4500.42 7.795
14.8369 -0.00268426 112.069 4500.42 7.795
14.9486 -0.00268165 111.909 4500.42 7.795
