Энергия,eV   R    R^2

8974.966   0.011723   0.000137
8975.026   0.012255   0.000150
8975.086   0.012823   0.000164
8975.146   0.013433   0.000180
8975.207   0.014087   0.000198
8975.267   0.014791   0.000219
8975.327   0.015549   0.000242
8975.387   0.016369   0.000268
8975.447   0.017255   0.000298
8975.508   0.018216   0.000332
8975.568   0.019261   0.000371
8975.628   0.020400   0.000416
8975.688   0.021645   0.000469
8975.748   0.023009   0.000529
8975.808   0.024509   0.000601
8975.869   0.026162   0.000684
8975.929   0.027993   0.000784
8975.989   0.030027   0.000902
8976.049   0.032296   0.001043
8976.109   0.034838   0.001214
8976.169   0.037702   0.001421
8976.230   0.040945   0.001677
8976.290   0.044640   0.001993
8976.350   0.048877   0.002389
8976.410   0.053771   0.002891
8976.470   0.059474   0.003537
8976.531   0.066182   0.004380
8976.591   0.074161   0.005500
8976.651   0.083773   0.007018
8976.661   0.084105   0.007074
8976.673   0.086279   0.007444
8976.685   0.088544   0.007840
8976.698   0.090905   0.008264
8976.710   0.093369   0.008718
8976.722   0.095941   0.009205
8976.734   0.098630   0.009728
8976.746   0.101441   0.010290
8976.758   0.104384   0.010896
8976.770   0.107468   0.011549
8976.782   0.110702   0.012255
8976.794   0.114098   0.013018
8976.806   0.117666   0.013845
8976.818   0.121420   0.014743
8976.830   0.125374   0.015719
8976.842   0.129545   0.016782
8976.854   0.133949   0.017942
8976.866   0.138607   0.019212
8976.878   0.143540   0.020604
8976.890   0.148772   0.022133
8976.902   0.154333   0.023819
8976.914   0.160251   0.025681
8976.926   0.166565   0.027744
8976.938   0.173312   0.030037
8976.950   0.180541   0.032595
8976.962   0.188305   0.035459
8976.974   0.196665   0.038677
8976.986   0.205695   0.042310
8976.998   0.215480   0.046432
8977.010   0.226123   0.051131
8977.022   0.237745   0.056523
8977.035   0.250497   0.062749
8977.047   0.264561   0.069993
8977.059   0.280167   0.078494
8977.071   0.297607   0.088570
8977.083   0.317261   0.100654
8977.095   0.339634   0.115351
8977.107   0.365424   0.133535
8977.119   0.395632   0.156524
8977.131   0.431766   0.186422
8977.143   0.476281   0.226844
8977.155   0.533599   0.284728
8977.167   0.613055   0.375837
8977.179   0.738374   0.545197
8977.191   0.876275   0.767858
8977.203   0.915252   0.837686
8977.215   0.929575   0.864110
8977.227   0.937057   0.878076
8977.239   0.941626   0.886659
8977.251   0.944656   0.892375
8977.263   0.946765   0.896365
8977.275   0.948274   0.899223
8977.287   0.949367   0.901297
8977.299   0.950158   0.902800
8977.311   0.950723   0.903874
8977.323   0.951113   0.904616
8977.335   0.951365   0.905096
8977.347   0.951505   0.905362
8977.359   0.951553   0.905453
8977.372   0.951524   0.905397
8977.384   0.951429   0.905217
8977.396   0.951278   0.904930
8977.408   0.951079   0.904550
8977.420   0.950836   0.904089
8977.432   0.950555   0.903555
8977.444   0.950240   0.902956
8977.456   0.949893   0.902297
8977.468   0.949518   0.901585
8977.480   0.949117   0.900823
8977.492   0.948691   0.900015
8977.504   0.948242   0.899163
8977.516   0.947771   0.898270
8977.528   0.947280   0.897339
8977.540   0.946768   0.896370
8977.552   0.946237   0.895364
8977.564   0.945687   0.894324
8977.576   0.945119   0.893250
8977.588   0.944533   0.892142
8977.600   0.943928   0.891001
8977.612   0.943306   0.889827
8977.624   0.942667   0.888620
8977.636   0.942009   0.887381
8977.648   0.941333   0.886108
8977.660   0.940639   0.884802
8977.672   0.939927   0.883462
8977.684   0.939196   0.882088
8977.696   0.938445   0.880679
8977.709   0.937675   0.879235
8977.721   0.936885   0.877753
8977.733   0.936074   0.876235
8977.745   0.935242   0.874677
8977.757   0.934387   0.873079
8977.769   0.933510   0.871441
8977.781   0.932609   0.869759
8977.793   0.931683   0.868033
8977.805   0.930731   0.866261
8977.817   0.929753   0.864440
8977.829   0.928746   0.862569
8977.841   0.927710   0.860646
8977.853   0.926643   0.858668
8977.865   0.925544   0.856632
8977.877   0.924411   0.854535
8977.889   0.923242   0.852375
8977.901   0.922034   0.850147
8977.913   0.920787   0.847849
8977.925   0.919497   0.845475
8977.937   0.918162   0.843022
8977.949   0.916779   0.840485
8977.961   0.915346   0.837857
8977.973   0.913857   0.835135
8977.985   0.912310   0.832310
8977.997   0.910701   0.829377
8978.009   0.909025   0.826326
8978.021   0.907276   0.823151
8978.033   0.905450   0.819840
8978.045   0.903539   0.816384
8978.058   0.901537   0.812770
8978.070   0.899436   0.808985
8978.082   0.897226   0.805014
8978.094   0.894897   0.800840
8978.106   0.892437   0.796444
8978.118   0.889833   0.791803
8978.130   0.887070   0.786893
8978.142   0.884129   0.781684
8978.154   0.880990   0.776143
8978.166   0.877627   0.770229
8978.178   0.874013   0.763898
8978.190   0.870111   0.757094
8978.202   0.865882   0.749751
8978.214   0.861273   0.741791
8978.226   0.856222   0.733117
8978.238   0.850653   0.723611
8978.250   0.844467   0.713124
8978.262   0.837539   0.701471
8978.274   0.829706   0.688412
8978.286   0.820753   0.673635
8978.298   0.810386   0.656726
8978.310   0.798203   0.637128
8978.322   0.783634   0.614083
8978.334   0.765866   0.586550
8978.346   0.743735   0.553142
8978.358   0.715667   0.512180
8978.370   0.679914   0.462284
8978.382   0.635751   0.404179
8978.395   0.585586   0.342911
8978.407   0.534818   0.286030
8978.419   0.488036   0.238179
8978.431   0.446965   0.199777
8978.443   0.411469   0.169306
8978.455   0.380790   0.145001
8978.467   0.354111   0.125395
8978.479   0.330727   0.109380
8978.491   0.310066   0.096141
8978.503   0.291674   0.085074
8978.515   0.275189   0.075729
8978.527   0.260325   0.067769
8978.539   0.246847   0.060934
8978.551   0.234568   0.055022
8978.563   0.223332   0.049877
8978.575   0.213010   0.045373
8978.587   0.203492   0.041409
8978.599   0.194689   0.037904
8978.611   0.186522   0.034791
8978.623   0.178926   0.032014
8978.635   0.171841   0.029529
8978.647   0.165220   0.027298
8978.659   0.159017   0.025286
8978.671   0.153196   0.023469
8978.683   0.147723   0.021822
8978.695   0.142567   0.020325
8978.707   0.137703   0.018962
8978.719   0.133108   0.017718
8978.732   0.128760   0.016579
8978.744   0.124640   0.015535
8978.756   0.120732   0.014576
8978.768   0.117020   0.013694
8978.780   0.113490   0.012880
8978.792   0.110130   0.012129
8978.804   0.106928   0.011434
8978.816   0.103874   0.010790
8978.828   0.100958   0.010193
8978.840   0.098172   0.009638
8978.852   0.095507   0.009122
8978.864   0.092956   0.008641
8978.876   0.090513   0.008193
8978.888   0.088170   0.007774
8978.900   0.085923   0.007383
8978.902   0.084030   0.007061
8978.962   0.074381   0.005533
8979.022   0.066372   0.004405
8979.082   0.059638   0.003557
8979.143   0.053914   0.002907
8979.203   0.049002   0.002401
8979.263   0.044750   0.002003
8979.323   0.041043   0.001685
8979.383   0.037789   0.001428
8979.443   0.034916   0.001219
8979.504   0.032365   0.001047
8979.564   0.030089   0.000905
8979.624   0.028049   0.000787
8979.684   0.026213   0.000687
8979.744   0.024555   0.000603
8979.805   0.023051   0.000531
8979.865   0.021684   0.000470
8979.925   0.020436   0.000418
8979.985   0.019294   0.000372
8980.045   0.018246   0.000333
8980.105   0.017283   0.000299
8980.166   0.016394   0.000269
8980.226   0.015573   0.000243
8980.286   0.014813   0.000219
8980.346   0.014107   0.000199
8980.406   0.013452   0.000181
8980.466   0.012841   0.000165
8980.527   0.012271   0.000151
8980.587   0.011739   0.000138
