Время (мс),Сигнал (В) 
584266, -0.0136041
584276, -0.014526
584286, -0.013487
584296, -0.0143366
584306, -0.0137579
584316, -0.0145178
584326, -0.0135958
584336, -0.0144754
584346, -0.0135238
584356, -0.0144786
584366, -0.0135919
584376, -0.0144848
584386, -0.0136208
584396, -0.0144826
584406, -0.0135391
584416, -0.0143836
584426, -0.0135724
584436, -0.0145244
584456, -0.0135804
584471, -0.0145114
584488, -0.0135684
584506, -0.0144162
584532, -0.0135438
584559, -0.0144977
584579, -0.0135629
584602, -0.0144313
584624, -0.013514
584648, -0.0144256
584672, -0.0136099
584697, -0.01452
584723, -0.0137429
584756, -0.0144979
584799, -0.0135556
584850, -0.0144107
584897, -0.0135576
584946, -0.0144447
584999, -0.0135801
585063, -0.0144859
585127, -0.0135598
585195, -0.0143974
585262, -0.0135513
585333, -0.0145828
585396, -0.0135968
585439, -0.0146641
585464, -0.0135565
585486, -0.0143425
585507, -0.0135174
585528, -0.0144632
585549, -0.0136146
585571, -0.0143711
585591, -0.0136072
585612, -0.0144121
585633, -0.0135527
585653, -0.0144611
585674, -0.0135836
585694, -0.0144639
585716, -0.0135511
585737, -0.0143818
585759, -0.013536
585781, -0.014446
585805, -0.0136488
585828, -0.0144735
585864, -0.0135254
585906, -0.0143197
585943, -0.0135414
585984, -0.0144431
586023, -0.0135758
586063, -0.0144814
586103, -0.0136508
586144, -0.0144758
586184, -0.0136994
586225, -0.0143923
586265, -0.0135802
586305, -0.0147367
586347, -0.0135199
586385, -0.0143816
586425, -0.0135371
586469, -0.0144092
586505, -0.0136064
586542, -0.0145808
586578, -0.01368
586614, -0.0144299
586648, -0.013599
586683, -0.0144428
586714, -0.0135875
586747, -0.014456
586768, -0.0135619
586789, -0.0144494
586811, -0.0136162
586833, -0.0144714
586855, -0.0137504
586887, -0.0145923
586917, -0.0136142
586947, -0.0144946
586988, -0.0135416
587018, -0.0143988
587052, -0.0136388
587086, -0.0144504
587120, -0.0136114
587153, -0.0143048
587186, -0.0136013
587217, -0.0144504
587252, -0.0136576
587286, -0.014456
587320, -0.0135906
587355, -0.0143754
587396, -0.0135834
587439, -0.0143797
587481, -0.0136285
587524, -0.0145036
587566, -0.0137009
587609, -0.0143544
587652, -0.013548
587690, -0.0143378
587729, -0.0137238
587768, -0.0144463
587807, -0.0136253
587844, -0.0143955
587872, -0.0135696
587894, -0.0144106
587918, -0.0136363
587944, -0.0144118
587984, -0.0136446
588023, -0.0143745
588049, -0.0135931
588087, -0.014383
588115, -0.0135913
588154, -0.0144509
588181, -0.0136496
588221, -0.0144156
588247, -0.0136519
588286, -0.01441
588330, -0.0136084
588355, -0.014429
588398, -0.0135668
588423, -0.0143711
588463, -0.0135608
588504, -0.0144568
588546, -0.0136941
588583, -0.0144539
588625, -0.0136095
588670, -0.0143674
588712, -0.013653
588758, -0.0144062
588803, -0.0136063
588848, -0.0144109
588879, -0.0135924
588908, -0.0143135
588937, -0.0135739
588968, -0.0144761
588998, -0.0137029
589026, -0.0143876
589053, -0.0136738
589082, -0.0143854
589125, -0.0136519
589152, -0.0143431
589195, -0.0136166
589221, -0.0143878
589263, -0.0136819
589291, -0.0143758
589318, -0.0136408
589361, -0.0143436
589390, -0.0137051
589432, -0.0143459
589459, -0.0137313
589502, -0.0144079
589540, -0.0135595
589581, -0.0143166
589619, -0.0136363
589658, -0.0143718
589699, -0.0136865
589740, -0.0143953
589781, -0.0136304
589820, -0.0143475
589862, -0.0136545
589899, -0.0143312
589938, -0.0137055
589966, -0.0143478
590003, -0.0137283
590027, -0.0143355
590057, -0.0136971
590084, -0.0143735
590112, -0.0137164
590150, -0.0143522
590188, -0.0136439
590232, -0.0142723
590258, -0.0137314
590298, -0.0143581
590323, -0.0136941
590347, -0.014265
590384, -0.0136362
590423, -0.0145605
590460, -0.0136939
590481, -0.0143083
590512, -0.0136899
590543, -0.0143112
590573, -0.0136288
590609, -0.0142122
590644, -0.0137505
590677, -0.0143972
590710, -0.0137386
590743, -0.0143333
590774, -0.0136178
590808, -0.0143308
590842, -0.0137457
590875, -0.0143788
590908, -0.01371
590940, -0.0143131
590973, -0.0136204
591006, -0.0142687
591039, -0.0136656
591073, -0.0143314
591106, -0.014086
591138, -0.0143638
591170, -0.0137155
591202, -0.0142607
591233, -0.0136054
591263, -0.0142858
591293, -0.0137674
591325, -0.01427
591356, -0.013725
591386, -0.0141941
591414, -0.0138033
591442, -0.0142481
591470, -0.0137619
591506, -0.0142798
591543, -0.013754
591579, -0.014437
591612, -0.0137715
591645, -0.0142644
591678, -0.0136634
591710, -0.0143518
591744, -0.0137142
591778, -0.0142249
591810, -0.0137414
591841, -0.0142244
591873, -0.0137641
591905, -0.0142686
591937, -0.0137345
591968, -0.0142176
591999, -0.013762
592029, -0.0142265
592060, -0.0137275
592089, -0.0142748
592118, -0.0137601
592148, -0.0142844
592180, -0.013748
592211, -0.0142309
592241, -0.0138107
592271, -0.0142797
592304, -0.013706
592337, -0.0142815
592371, -0.0137993
592403, -0.0142715
592438, -0.0137639
592471, -0.014193
592504, -0.0137634
592537, -0.0142267
592569, -0.0138148
592601, -0.0142911
592633, -0.0138187
592672, -0.0142635
592709, -0.0138207
592747, -0.0143177
592786, -0.0138402
592831, -0.0142684
592876, -0.0137643
592917, -0.0142077
592958, -0.0137545
592998, -0.0143312
593039, -0.0137027
593079, -0.014144
593114, -0.0138233
593148, -0.014313
593183, -0.0138354
593205, -0.0142839
593239, -0.0138309
593272, -0.0141856
593296, -0.0138214
593329, -0.014327
593362, -0.0137778
593395, -0.0142261
593427, -0.0137965
593460, -0.0143434
593492, -0.0137025
593523, -0.01419
593553, -0.0138035
593585, -0.0142649
593616, -0.0138001
593647, -0.0141881
593679, -0.0137313
593711, -0.0141699
593745, -0.0138043
593780, -0.0142497
593813, -0.0138457
593846, -0.0142249
593879, -0.0138224
593911, -0.014176
593946, -0.0138155
593979, -0.0141584
594012, -0.0138123
594043, -0.0141857
594075, -0.0138731
594106, -0.0141668
594137, -0.0138201
594168, -0.0141596
594198, -0.01382
594228, -0.0141891
594258, -0.0138347
594287, -0.0141836
594317, -0.0138095
594346, -0.0141258
594375, -0.0138473
594403, -0.0142086
594430, -0.0138824
594457, -0.0141389
594485, -0.0138186
594512, -0.0140659
594543, -0.0137915
594576, -0.0140872
594609, -0.0138582
594641, -0.0141142
594672, -0.0138388
594704, -0.0141949
594735, -0.0138981
594773, -0.0141701
594812, -0.0138282
594848, -0.0141439
594883, -0.0138837
594921, -0.0141297
594959, -0.0138289
594996, -0.0140922
595034, -0.0138753
595072, -0.0141409
595108, -0.0138744
595142, -0.0141449
595179, -0.0138609
595212, -0.0141795
595245, -0.0139013
595276, -0.0141622
595307, -0.0137823
595338, -0.01408
595368, -0.0139147
595396, -0.0142053
595425, -0.0139386
595453, -0.0141732
595480, -0.013857
595508, -0.0140819
595536, -0.0138589
595563, -0.0140838
595591, -0.0138813
595618, -0.0140655
595644, -0.0137881
595670, -0.0141179
595698, -0.0138884
595728, -0.0140795
595754, -0.0140037
595780, -0.0141079
595805, -0.0138815
595831, -0.0141352
595856, -0.0138931
595882, -0.0141992
595908, -0.0139449
595936, -0.0141178
595961, -0.0138899
595985, -0.0140238
596011, -0.013868
596036, -0.0139744
596060, -0.0138722
596085, -0.0140561
596109, -0.0138517
596133, -0.0140401
596157, -0.0139004
596181, -0.0141425
596206, -0.0140152
596231, -0.0141299
596254, -0.0139301
596276, -0.0140308
596299, -0.0138724
596322, -0.0141728
596344, -0.0139483
596367, -0.0140161
596389, -0.0138871
596412, -0.0140601
596434, -0.0139096
596459, -0.0140665
596480, -0.0139411
596503, -0.0141045
596525, -0.0139399
596547, -0.0139932
596567, -0.0139894
596585, -0.014065
596604, -0.0139488
596623, -0.0141419
596642, -0.0139326
596662, -0.0140119
596681, -0.0139197
596704, -0.0140104
596725, -0.0139086
596748, -0.0141419
596771, -0.0138429
596794, -0.0139581
596817, -0.0139361
596839, -0.0141345
596859, -0.0139643
596879, -0.014106
596901, -0.0140613
596920, -0.0140802
596941, -0.0139797
596962, -0.0140457
596983, -0.0139697
597004, -0.014079
597024, -0.0139586
597044, -0.0140186
597064, -0.0139311
597084, -0.0139962
597104, -0.0139197
597124, -0.0140879
597143, -0.0139352
597163, -0.0139484
597181, -0.0138559
597200, -0.0140485
597219, -0.0141173
597237, -0.0141343
597254, -0.0141032
597272, -0.0140057
597289, -0.0138943
597306, -0.0140044
597322, -0.0139172
597339, -0.0140402
597355, -0.0139368
597373, -0.0139768
597391, -0.0138835
597408, -0.0139894
597426, -0.0139699
597444, -0.0140511
597461, -0.0139946
597477, -0.0140902
597493, -0.0139314
597510, -0.0140129
597527, -0.0139299
597543, -0.0139942
597559, -0.0140098
597575, -0.0140304
597592, -0.0139819
597608, -0.0140366
597624, -0.0139728
597639, -0.0140465
597654, -0.0139489
597669, -0.0139906
597683, -0.0138915
597698, -0.0140227
597713, -0.0139276
597729, -0.0140512
597744, -0.0139934
597760, -0.0140104
597774, -0.0139914
597787, -0.0140526
597801, -0.0140207
597815, -0.0143667
597829, -0.0140145
597837, -0.0139208
597844, -0.0139489
597851, -0.0139648
597858, -0.0139402
597865, -0.01395
597872, -0.013938
597879, -0.0139191
597886, -0.0139034
597892, -0.0139529
597900, -0.0139883
597907, -0.014079
597914, -0.0141972
597921, -0.0140458
597927, -0.0140132
597934, -0.0139379
597941, -0.0139532
597949, -0.0140376
597956, -0.0140336
597963, -0.0139793
597971, -0.0138617
597978, -0.0138696
597986, -0.0138644
597993, -0.0139723
598000, -0.0140385
598008, -0.0140444
598015, -0.0140818
598024, -0.0139799
598032, -0.0139879
598039, -0.0139917
598046, -0.014097
598053, -0.0139694
598061, -0.0139785
598069, -0.0139093
598077, -0.01395
598084, -0.0140006
598092, -0.0139744
598099, -0.0140298
598107, -0.0139587
598114, -0.0141254
598122, -0.0139075
598130, -0.013927
598138, -0.0139978
598147, -0.0140188
598154, -0.0139897
598162, -0.0140384
598170, -0.0140328
598180, -0.0140391
598187, -0.014105
598195, -0.0140324
598203, -0.0139928
598210, -0.0139184
598219, -0.013905
598229, -0.0139441
598239, -0.0140367
598246, -0.0140218
598254, -0.0139441
598263, -0.0139643
598271, -0.0140237
598279, -0.0140444
598286, -0.0141111
598294, -0.0139982
598303, -0.0140675
598311, -0.0139749
598319, -0.0139671
598327, -0.0140646
598336, -0.0140699
598344, -0.0140775
598354, -0.0139833
598362, -0.0139247
598370, -0.013889
598378, -0.0138742
598385, -0.0139647
598394, -0.0140409
598402, -0.0139738
598410, -0.0139939
598418, -0.0139769
598425, -0.0139605
598435, -0.0140542
598443, -0.0140903
598451, -0.0140387
598459, -0.0139398
598467, -0.0139718
598475, -0.0139556
598484, -0.0139925
598492, -0.0139469
598500, -0.0142575
598508, -0.0138879
598517, -0.0139064
598526, -0.0139401
598535, -0.0139951
598544, -0.0139832
598553, -0.0139723
598563, -0.0141891
598572, -0.0139894
598581, -0.014087
598591, -0.0140776
598601, -0.0139966
598610, -0.0140274
598620, -0.014066
598630, -0.0139671
598639, -0.013879
598650, -0.0139734
598660, -0.0139614
598670, -0.0139197
598679, -0.0138865
598689, -0.0138924
598699, -0.0139289
598708, -0.0140364
598718, -0.0141207
598728, -0.0140414
598738, -0.0139186
598748, -0.0140111
598758, -0.0139738
598768, -0.0139967
598778, -0.0140085
598787, -0.0140216
598797, -0.0139477
598808, -0.0138919
598818, -0.0138555
598827, -0.0140278
598840, -0.0139637
598852, -0.0139994
598864, -0.0139456
598876, -0.0139531
598891, -0.0139476
598904, -0.0140514
598918, -0.014025
598930, -0.0140906
598942, -0.0140026
598954, -0.0139672
598966, -0.0139405
598978, -0.0140244
598990, -0.0139675
599002, -0.0141142
599014, -0.0139089
599027, -0.0139544
599039, -0.0139
599052, -0.0140746
599065, -0.0139479
599078, -0.0139735
599090, -0.0139249
599103, -0.0139225
599116, -0.0139287
599128, -0.0139941
599140, -0.0140995
599151, -0.0140674
599163, -0.0139948
599175, -0.0140342
599186, -0.0142543
599199, -0.0139841
599212, -0.013921
599224, -0.0139748
599237, -0.0139283
599249, -0.0139679
599261, -0.013894
599274, -0.0139941
599287, -0.0140371
599299, -0.0140534
599311, -0.0139959
599323, -0.0139775
599336, -0.0139996
599347, -0.0140386
599360, -0.0139288
599374, -0.0139985
599386, -0.0139035
599397, -0.0139164
599409, -0.0139089
599421, -0.0141094
599434, -0.0139525
599446, -0.0140224
599458, -0.0139075
599471, -0.0139378
599483, -0.0138887
599495, -0.0140097
599508, -0.0140126
599520, -0.0140659
599531, -0.0140293
599542, -0.0139796
599553, -0.013959
599565, -0.0141375
599576, -0.0139566
599588, -0.0140417
599599, -0.0140871
599610, -0.0140466
599621, -0.0138778
599632, -0.0139794
599643, -0.0139687
599656, -0.0141008
599666, -0.0139444
599678, -0.0139917
599689, -0.0139392
599701, -0.0140903
599713, -0.0139211
599725, -0.0140041
599737, -0.0139982
599748, -0.0140333
599760, -0.0139748
599772, -0.0140312
599783, -0.0139777
599795, -0.0140168
599806, -0.0139405
599817, -0.0139848
599829, -0.0139263
599841, -0.014213
599854, -0.013925
599869, -0.0139902
599883, -0.0139297
599897, -0.0140418
599912, -0.0139028
599926, -0.0140666
599944, -0.0139525
599960, -0.0142559
599976, -0.0140072
599992, -0.0140557
600009, -0.0139001
600025, -0.0140558
600043, -0.0139757
600059, -0.0140429
600075, -0.0139586
600091, -0.0140094
600106, -0.0139034
600122, -0.0141094
600139, -0.0138845
600156, -0.0140273
600173, -0.014042
600190, -0.0140538
600207, -0.0139169
600223, -0.0140491
600239, -0.0138956
600257, -0.0140825
600274, -0.0139909
600292, -0.0141047
600309, -0.0139796
600326, -0.0140326
600344, -0.013841
600363, -0.013991
600378, -0.013911
600394, -0.0141439
600413, -0.0139
600430, -0.0140224
600446, -0.013917
600463, -0.0140124
600481, -0.0139112
600498, -0.0141071
600515, -0.0139161
600533, -0.0140347
600550, -0.0141015
600568, -0.014093
600586, -0.013974
600603, -0.014088
600621, -0.0138668
600639, -0.0140025
600657, -0.0140151
600674, -0.0140114
600691, -0.0139125
600710, -0.0140488
600726, -0.0139313
600743, -0.0140662
600760, -0.0138885
600777, -0.0141581
600794, -0.0139547
600813, -0.014081
600831, -0.013906
600850, -0.0140425
600868, -0.0139064
600885, -0.0141785
600904, -0.0139853
600923, -0.0140456
600941, -0.0138839
600959, -0.0140778
600979, -0.0139371
601003, -0.0140815
601037, -0.013947
601061, -0.0140606
601088, -0.0139625
601113, -0.0140191
601137, -0.0138997
601161, -0.0140123
601186, -0.0139856
601208, -0.0142026
601231, -0.0139869
601251, -0.0140589
601271, -0.0139637
601290, -0.0141468
601310, -0.0139191
601331, -0.0140857
601353, -0.0139075
601374, -0.014039
601397, -0.013884
601420, -0.0141165
601443, -0.0138812
601466, -0.0140719
601490, -0.0139608
601514, -0.0141389
601537, -0.0139167
601563, -0.0140944
601586, -0.0139155
601611, -0.0141303
601636, -0.0138992
601660, -0.0140406
601687, -0.0139653
601714, -0.0141326
601740, -0.0139189
601768, -0.0140726
601794, -0.0139433
601820, -0.0140734
601845, -0.013896
601870, -0.0140427
601895, -0.0138644
601920, -0.0140405
601944, -0.014011
601965, -0.0140828
601985, -0.0139175
602006, -0.0140794
602027, -0.0140033
602049, -0.0140958
602070, -0.0139543
602090, -0.0141847
602111, -0.0138929
602134, -0.0140955
602158, -0.0140038
602181, -0.0140506
602205, -0.0138645
602229, -0.014106
602253, -0.0138636
602280, -0.014041
602309, -0.0138878
602337, -0.0140647
602364, -0.0138927
602391, -0.0141464
602418, -0.0139351
602447, -0.0141189
602473, -0.0139189
602499, -0.0141118
602526, -0.013986
602553, -0.0141055
602579, -0.013952
602605, -0.0141041
602630, -0.0139049
602655, -0.0140288
602679, -0.013922
602704, -0.0140934
602729, -0.0138915
602754, -0.0140897
602779, -0.0138913
602805, -0.0140592
602831, -0.013862
602856, -0.0141763
602884, -0.013906
602911, -0.0140766
602940, -0.0139108
602968, -0.0140923
602997, -0.0139058
603027, -0.0141281
603057, -0.0142941
603085, -0.0141709
603105, -0.0139332
603125, -0.0140651
603142, -0.0138673
603160, -0.0140722
603180, -0.013903
603199, -0.0141036
603218, -0.0139192
603238, -0.0141019
603257, -0.0138965
603278, -0.0141008
603298, -0.0138517
603319, -0.0140738
603341, -0.0138863
603362, -0.0141312
603384, -0.0139348
603406, -0.0142681
603426, -0.0139246
603447, -0.0141552
603469, -0.0139911
603491, -0.0141257
603512, -0.0139175
603533, -0.0140477
603555, -0.0139147
603577, -0.0141054
603598, -0.0138675
603621, -0.0140839
603643, -0.0138565
603666, -0.0140633
603689, -0.0139155
603712, -0.0141676
603737, -0.0139511
603760, -0.01417
603784, -0.0139942
603808, -0.0141753
603832, -0.0139622
603855, -0.014217
603879, -0.0139622
603903, -0.0141659
603926, -0.013863
603950, -0.0141208
603975, -0.013901
604000, -0.0141152
604025, -0.0138715
604049, -0.0141382
604078, -0.0139504
604103, -0.0140233
604134, -0.0138764
604163, -0.0141626
604191, -0.0139511
604222, -0.0144033
604249, -0.0139478
604268, -0.0141057
604287, -0.0139276
604305, -0.0141453
604326, -0.0139495
604346, -0.0142467
604370, -0.0138861
604390, -0.0141367
604412, -0.0139111
604432, -0.0142506
604451, -0.0139003
604471, -0.0141442
604491, -0.0138699
604513, -0.0141205
604533, -0.013917
604554, -0.0142054
604575, -0.0139614
604597, -0.0141974
604619, -0.0139146
604642, -0.0141897
604665, -0.0139439
604689, -0.0142473
604712, -0.0139412
604736, -0.014174
604761, -0.0138413
604785, -0.0140524
604807, -0.0138852
604829, -0.0141807
604852, -0.0139251
604876, -0.0141792
604899, -0.0138428
604924, -0.0141019
604948, -0.0138938
604973, -0.0142562
604997, -0.0139897
605022, -0.0142063
605046, -0.0139288
605070, -0.0141502
605095, -0.0139015
605120, -0.0142279
605145, -0.0139321
605170, -0.0141974
605195, -0.0137871
605225, -0.0141268
605248, -0.0138843
605284, -0.0141784
605320, -0.013925
605355, -0.0142314
605390, -0.0139358
605425, -0.0141713
605459, -0.0139999
605491, -0.0141983
605522, -0.0140165
605554, -0.0142562
605584, -0.0139362
605614, -0.0141685
605645, -0.0138495
605675, -0.0142451
605705, -0.0140181
605735, -0.0142199
605764, -0.0138749
605789, -0.014171
605816, -0.0138109
605843, -0.0141435
605872, -0.0140152
605899, -0.0141781
605926, -0.0139498
605950, -0.0142248
605977, -0.0139198
606002, -0.0142416
606027, -0.013988
606055, -0.014227
606084, -0.0138867
606110, -0.0142149
