Время (мс),Сигнал (В) 
319516, -0.00326825
319526, -0.00312899
319536, -0.00326075
319546, -0.00312084
319556, -0.00326254
319566, -0.00313304
319576, -0.00326575
319586, -0.00312786
319596, -0.00326462
319606, -0.00310936
319616, -0.00326623
319626, -0.00312459
319636, -0.00328021
319646, -0.00313268
319656, -0.00326712
319666, -0.00312287
319676, -0.00328044
319686, -0.00311222
319701, -0.00327628
319717, -0.00311894
319734, -0.00326646
319751, -0.00312644
319770, -0.00326123
319789, -0.00312364
319809, -0.00327491
319830, -0.00312804
319851, -0.00327444
319874, -0.0031234
319897, -0.00327158
319921, -0.00311674
319946, -0.00325124
319978, -0.00311906
320020, -0.00325998
320066, -0.00312876
320117, -0.00326932
320170, -0.00311549
320223, -0.00326849
320282, -0.00312513
320347, -0.00326533
320412, -0.00312477
320478, -0.00325814
320551, -0.00311525
320617, -0.00327985
320669, -0.00311507
320697, -0.00326878
320723, -0.0031287
320750, -0.00326718
320777, -0.00312007
320802, -0.00326397
320828, -0.00312929
320855, -0.00326545
320879, -0.003119
320904, -0.00327253
320929, -0.00312334
320953, -0.00325754
320977, -0.00312638
321003, -0.00326177
321028, -0.00312703
321054, -0.00327045
321079, -0.0031234
321106, -0.00327741
321132, -0.00312739
321159, -0.00326105
321187, -0.00311573
321214, -0.00326319
321258, -0.00312953
321305, -0.0032626
321352, -0.00312102
321399, -0.00325409
321450, -0.00312174
321502, -0.00326867
321552, -0.00312305
321607, -0.00326974
321660, -0.00311382
321713, -0.00326962
321764, -0.00311275
321807, -0.00326819
321836, -0.00313006
321864, -0.0032648
321892, -0.00312697
321922, -0.00326313
321951, -0.00313524
321980, -0.00326063
322006, -0.00312275
322033, -0.00326688
322062, -0.00312269
322091, -0.003262
322117, -0.00311906
322144, -0.00327729
322172, -0.00312477
322198, -0.00326676
322225, -0.00313072
322251, -0.00326783
322279, -0.00311846
322307, -0.0032758
322336, -0.00312388
322377, -0.00326652
322421, -0.00312566
322465, -0.00325885
322509, -0.00312055
322553, -0.00326926
322596, -0.00312935
322648, -0.00326783
322700, -0.00313155
322752, -0.00326563
322802, -0.0031171
322853, -0.00327687
322898, -0.00311496
322930, -0.00326486
322958, -0.0031212
322989, -0.00326944
323022, -0.00311513
323051, -0.00327116
323081, -0.00311674
323113, -0.00327461
323143, -0.00310371
323176, -0.0032745
323202, -0.00312138
323230, -0.00326926
323257, -0.00311793
323284, -0.00327218
323310, -0.00312923
323337, -0.00326129
323363, -0.00311888
323391, -0.00326367
323418, -0.00311275
323462, -0.00327372
323505, -0.00311555
323549, -0.00326736
323596, -0.00311567
323642, -0.00326492
323687, -0.00312328
323732, -0.00327848
323775, -0.00312989
323820, -0.00326914
323865, -0.00311716
323909, -0.00326742
323955, -0.0031278
323999, -0.0032698
324027, -0.00312941
324057, -0.00326468
324084, -0.00312447
324112, -0.00327402
324156, -0.00311121
324184, -0.00327872
324214, -0.003124
324242, -0.00326486
324271, -0.0031284
324299, -0.00328247
324329, -0.00313774
324355, -0.00327705
324385, -0.00313143
324413, -0.00327676
324441, -0.00313548
324468, -0.00327283
324496, -0.00312697
324538, -0.00327723
324584, -0.00312334
324629, -0.00327229
324671, -0.00311924
324715, -0.00327515
324757, -0.00312441
324798, -0.00327878
324840, -0.00311246
324885, -0.00328235
324929, -0.00312215
324971, -0.00327057
325013, -0.00312334
325055, -0.00326301
325102, -0.00311073
325130, -0.00326527
325159, -0.00312495
325187, -0.00327705
325217, -0.00310907
325245, -0.00327271
325274, -0.00313613
325303, -0.00327271
325330, -0.00312774
325358, -0.00326409
325387, -0.00313512
325417, -0.00328009
325446, -0.00312293
325474, -0.00326438
325503, -0.0031218
325532, -0.00328092
325575, -0.00312364
325618, -0.00327128
325663, -0.00312679
325705, -0.00327658
325749, -0.00312471
325791, -0.00326272
325836, -0.00313298
325877, -0.00328312
325922, -0.00311478
325963, -0.0032767
326004, -0.00312322
326047, -0.00328086
326090, -0.00312531
326132, -0.00327307
326162, -0.00312406
326193, -0.00327283
326220, -0.0031287
326247, -0.00327913
326277, -0.00312632
326306, -0.00327753
326335, -0.00312203
326364, -0.00327925
326394, -0.00312614
326424, -0.00327931
326453, -0.00312406
326482, -0.00327414
326511, -0.00311234
326542, -0.00327711
326571, -0.00312299
326619, -0.00326872
326650, -0.00311454
326697, -0.0032783
326744, -0.00311959
326790, -0.00326902
326837, -0.00311168
326867, -0.0032783
326912, -0.00311567
326961, -0.00327902
327006, -0.00311347
327036, -0.00327182
327082, -0.00311043
327129, -0.00326403
327175, -0.00312001
327206, -0.00327229
327238, -0.00311888
327269, -0.00327116
327300, -0.00312882
327331, -0.00327128
327361, -0.00310776
327391, -0.0032673
327422, -0.00311864
327452, -0.00327467
327483, -0.00311954
327512, -0.00327604
327542, -0.00311829
327571, -0.00327664
327602, -0.00310181
327632, -0.00326629
327662, -0.00310936
327690, -0.00326325
327736, -0.00312013
327780, -0.00328241
327824, -0.00311032
327869, -0.00328229
327898, -0.00311418
327943, -0.00328372
327986, -0.00311811
328031, -0.00327521
328076, -0.00311127
328118, -0.00327729
328163, -0.00311954
328206, -0.00327604
328255, -0.0031121
328283, -0.00327253
328312, -0.00310437
328341, -0.00327943
328371, -0.00312441
328400, -0.00327789
328428, -0.00310347
328458, -0.00328348
328488, -0.00311496
328517, -0.0032786
328546, -0.0031074
328576, -0.00328366
328606, -0.00309324
328635, -0.00327824
328664, -0.00312096
328694, -0.00327878
328723, -0.0031099
328766, -0.00328711
328808, -0.00309651
328853, -0.00327795
328897, -0.00312501
328940, -0.00327592
328983, -0.00311531
329028, -0.00327039
329071, -0.00311269
329116, -0.00328812
329159, -0.0031024
329203, -0.00327854
329247, -0.00311751
329293, -0.00328467
329323, -0.00310948
329351, -0.00328645
329379, -0.00310472
329411, -0.00327925
329439, -0.00311579
329469, -0.00327783
329497, -0.00311716
329525, -0.00327622
329553, -0.00311704
329583, -0.00328586
329613, -0.00311537
329642, -0.00327104
329673, -0.00311478
329702, -0.00328104
329732, -0.00310353
329762, -0.00329115
329807, -0.00311103
329853, -0.00328264
329898, -0.00311305
329927, -0.00327854
329971, -0.00310645
330017, -0.00328383
330063, -0.00311097
330127, -0.00327313
330168, -0.00310889
330201, -0.00328782
330249, -0.00311222
330279, -0.00327253
330324, -0.00310484
330355, -0.00327777
