Время (мс),Сигнал (В) 
562015, -0.0041017
562025, -0.00294971
562035, -0.00410872
562045, -0.00294477
562055, -0.00410355
562065, -0.00294388
562075, -0.00410045
562085, -0.00296101
562095, -0.00410081
562105, -0.00294685
562115, -0.00410265
562125, -0.00295197
562135, -0.00410616
562145, -0.0029556
562155, -0.00409778
562165, -0.00294132
562175, -0.00410842
562193, -0.00295708
562208, -0.00410218
562225, -0.0029603
562245, -0.00410783
562266, -0.00294638
562289, -0.00410218
562314, -0.00296018
562340, -0.00410206
562367, -0.00294804
562397, -0.0040926
562429, -0.00296208
562460, -0.00408939
562491, -0.00295488
562524, -0.00409992
562558, -0.00295982
562605, -0.00410527
562659, -0.00295649
562717, -0.00411437
562781, -0.0029569
562850, -0.00409629
562922, -0.00294709
563002, -0.00409242
563082, -0.00295768
563145, -0.00410503
563179, -0.00294679
563210, -0.00409201
563240, -0.00295524
563269, -0.00410991
563297, -0.00295732
563325, -0.0040932
563353, -0.0029459
563382, -0.00409064
563410, -0.00294269
563438, -0.00410254
563467, -0.00295375
563495, -0.00409891
563524, -0.0029434
563555, -0.00410206
563584, -0.00295399
563613, -0.00410432
563643, -0.00294132
563673, -0.00409569
563704, -0.0029503
563735, -0.00410087
563766, -0.00294673
563798, -0.00409998
563830, -0.00294911
563863, -0.00409522
563896, -0.00293549
563930, -0.00409855
563965, -0.00296172
564017, -0.00409599
564070, -0.00295238
564134, -0.00409314
564195, -0.00296345
564247, -0.0041023
564283, -0.00294864
564318, -0.00410503
564353, -0.00294983
564387, -0.00410212
564419, -0.00295827
564452, -0.00409748
564485, -0.00294513
564518, -0.00409635
564551, -0.00294519
564584, -0.00410474
564617, -0.00294858
564649, -0.00410212
564682, -0.00295339
564714, -0.00409665
564746, -0.00296143
564778, -0.00409718
564812, -0.00294293
564844, -0.00408255
564879, -0.0029453
564911, -0.00411027
564943, -0.00295548
564975, -0.00410355
565007, -0.00294864
565040, -0.00410164
565074, -0.00294989
565107, -0.00409474
565141, -0.00295833
565175, -0.00410747
565231, -0.00294661
565284, -0.00410057
565317, -0.00296024
565370, -0.00410111
565403, -0.0029418
565437, -0.00409403
565471, -0.0029547
565505, -0.00410777
565539, -0.0029453
565573, -0.0040923
565607, -0.00295238
565641, -0.00410979
565674, -0.0029387
565708, -0.00410688
565742, -0.00295
565775, -0.00410004
565810, -0.00295351
565844, -0.00408838
565878, -0.00294929
565912, -0.00411693
565945, -0.00294507
565978, -0.00410295
566010, -0.00294638
566046, -0.00411098
566078, -0.00295018
566111, -0.0040998
566143, -0.00296428
566175, -0.00410188
566210, -0.00295244
566245, -0.004102
566279, -0.00295696
566333, -0.00410111
566366, -0.00294334
566418, -0.00409766
566452, -0.002955
566485, -0.00410248
566519, -0.00294655
566553, -0.0041001
566586, -0.00296077
566620, -0.00410176
566654, -0.00294864
566688, -0.00409796
566722, -0.00295619
566756, -0.00410313
566790, -0.00294513
566825, -0.00409962
566859, -0.00295149
566896, -0.00409242
566930, -0.00295399
566963, -0.00411187
566997, -0.00296047
567031, -0.00410813
567065, -0.00294536
567098, -0.00409653
567132, -0.00294483
567166, -0.00410242
567199, -0.00295304
567233, -0.00409468
567267, -0.0029575
567301, -0.00409944
567336, -0.00295262
567369, -0.004097
567403, -0.00294525
567457, -0.00409617
567491, -0.00295096
567525, -0.00408998
567559, -0.00295643
567595, -0.00409409
567629, -0.00294614
567663, -0.00409962
567697, -0.00295661
567730, -0.00409938
567767, -0.00293977
567801, -0.00409189
567834, -0.00294989
567870, -0.00410135
567904, -0.0029575
567938, -0.00410331
567972, -0.00295441
568006, -0.00411003
568043, -0.00294899
568078, -0.00409403
568114, -0.00295679
568148, -0.00410462
568184, -0.00295286
568217, -0.00410367
568251, -0.00295702
568285, -0.00409903
568320, -0.00295631
568354, -0.00410378
568388, -0.00295911
568425, -0.0040979
568458, -0.00294911
568492, -0.0041039
568526, -0.00296291
568559, -0.00409034
568615, -0.00295512
568651, -0.00409694
568685, -0.00295096
568718, -0.00410605
568752, -0.00295399
568786, -0.00411259
568822, -0.00295946
568857, -0.00410373
568892, -0.00294899
568926, -0.004102
568961, -0.00295934
568996, -0.00410587
569030, -0.00295685
569064, -0.00410706
569098, -0.00296172
569135, -0.00410503
569169, -0.00295833
569205, -0.00409403
569240, -0.00295869
569274, -0.00409629
569309, -0.00295328
569345, -0.00408582
569380, -0.00296256
569417, -0.00410069
569452, -0.00295018
569499, -0.00410605
569533, -0.00295322
569567, -0.00410176
569600, -0.00294465
569635, -0.00410135
569673, -0.00295803
569708, -0.004102
569742, -0.00295036
569777, -0.00410634
569811, -0.00296154
569847, -0.00411027
569883, -0.00294126
569917, -0.00410325
569952, -0.00294887
569987, -0.00410474
570022, -0.00295363
570057, -0.00409373
570090, -0.00295381
570125, -0.00410378
570161, -0.0029412
570197, -0.00411562
570231, -0.00295988
570272, -0.00410343
570310, -0.00294739
570357, -0.00410283
570391, -0.0029647
570424, -0.00410081
570457, -0.00294138
570490, -0.00410491
570524, -0.00296553
570561, -0.00411051
570596, -0.00295548
570633, -0.00410997
570668, -0.00295875
570704, -0.00410676
570739, -0.00294923
570773, -0.00410444
570806, -0.00295542
570841, -0.00410747
570874, -0.00295762
570908, -0.00410248
570942, -0.00295232
570977, -0.00410926
571011, -0.00295137
571045, -0.00410729
571079, -0.00295381
571113, -0.00409801
571147, -0.00295345
571180, -0.00410224
571214, -0.00295768
571248, -0.00410289
571282, -0.00294846
571316, -0.0041045
571349, -0.00295137
571405, -0.00411199
571439, -0.00296214
571474, -0.00409421
571510, -0.00294983
571544, -0.00410111
571578, -0.0029459
571612, -0.00409605
571647, -0.00295661
571683, -0.00409754
571719, -0.00295167
571753, -0.00410396
571787, -0.00295952
571821, -0.00409688
571855, -0.0029509
571889, -0.00409427
571924, -0.00296154
571957, -0.00410254
571992, -0.00294715
572027, -0.00411187
572061, -0.00295708
572096, -0.0041108
572130, -0.0029525
572166, -0.0041086
572202, -0.0029503
572237, -0.00410491
572271, -0.00296208
572305, -0.00409605
572339, -0.00294786
572373, -0.00411074
572408, -0.00294501
572442, -0.00409986
572477, -0.00295798
572510, -0.00410075
572568, -0.00294983
572602, -0.00410729
572635, -0.00296749
572671, -0.0041095
572706, -0.00294899
572739, -0.00409932
572773, -0.00294536
572807, -0.0041045
572842, -0.00295637
572876, -0.00410277
572910, -0.00295387
572945, -0.00410682
572979, -0.00295137
573013, -0.00410414
573048, -0.0029462
573081, -0.00410188
573118, -0.00294542
573152, -0.00409962
573186, -0.00295143
573220, -0.00410057
573254, -0.00295679
573288, -0.00410396
573325, -0.00295869
573360, -0.0041023
573394, -0.00295482
573428, -0.00410432
573463, -0.00295762
573497, -0.00409724
573531, -0.00295869
573565, -0.00410111
573622, -0.00296327
573656, -0.00409962
573691, -0.00295232
573726, -0.00410664
573761, -0.00295905
573795, -0.00409599
573830, -0.00294513
573864, -0.00409332
573898, -0.00295286
573933, -0.00410039
573968, -0.00295458
574003, -0.00409189
574037, -0.00295381
574073, -0.00411033
574107, -0.00294388
574145, -0.00409117
574180, -0.0029616
574215, -0.00410658
574249, -0.0029647
574283, -0.0040945
574317, -0.0029669
574353, -0.00409183
574387, -0.0029506
574422, -0.00409944
574456, -0.0029547
574490, -0.00409528
574525, -0.00294792
574564, -0.00409546
574598, -0.00296559
574633, -0.004097
574669, -0.00296285
574706, -0.00409558
574739, -0.0029553
574774, -0.00409439
574807, -0.0029503
574842, -0.00408469
574876, -0.00296095
574910, -0.00408903
574944, -0.00295952
574978, -0.00409718
575013, -0.00295113
575051, -0.00409534
575086, -0.00294667
575121, -0.00410557
575157, -0.00295964
