Время (мс),Сигнал (В) 
1020359, -0.0131574
1020369, -0.0140682
1020379, -0.0132828
1020389, -0.0140885
1020399, -0.0132938
1020409, -0.0141297
1020419, -0.0133568
1020429, -0.0141865
1020439, -0.0133731
1020449, -0.0142562
1020459, -0.0132954
1020469, -0.0140508
1020479, -0.0131352
1020489, -0.0141332
1020499, -0.0133269
1020509, -0.0141654
1020519, -0.0132312
1020529, -0.014017
1020539, -0.013238
1020550, -0.0141546
1020562, -0.013359
1020574, -0.0141517
1020588, -0.013264
1020601, -0.0139323
1020616, -0.0132094
1020632, -0.0141241
1020648, -0.0134516
1020664, -0.0141573
1020681, -0.0133321
1020699, -0.014125
1020717, -0.0133259
1020735, -0.014048
1020759, -0.0132769
1020786, -0.0141194
1020817, -0.0131983
1020848, -0.0140035
1020884, -0.0131765
1020919, -0.0141455
1020960, -0.0133967
1021005, -0.0142834
1021048, -0.0133406
1021094, -0.0141531
1021139, -0.0133172
1021187, -0.0141061
1021236, -0.013372
1021287, -0.014147
1021338, -0.0132697
1021392, -0.0139787
1021442, -0.0132431
1021487, -0.0140822
1021528, -0.0132913
1021564, -0.0140457
1021595, -0.0132237
1021624, -0.0140403
1021644, -0.0133327
1021663, -0.0141445
1021685, -0.0134432
1021703, -0.0142457
1021720, -0.0132942
1021739, -0.0141224
1021757, -0.0133138
1021778, -0.0141662
1021799, -0.0133501
1021821, -0.0141809
1021842, -0.0133601
1021872, -0.0140988
1021902, -0.0133149
1021933, -0.0139407
1021963, -0.0133331
1021993, -0.0141892
1022027, -0.0133814
1022060, -0.0138708
1022093, -0.0131392
1022128, -0.0141141
1022159, -0.0134099
1022191, -0.0141739
1022221, -0.0133872
1022253, -0.0141159
1022284, -0.0133673
1022316, -0.0142432
1022349, -0.0134174
1022383, -0.0140813
1022417, -0.0132753
1022452, -0.0140072
1022487, -0.0132234
1022527, -0.0140371
1022566, -0.0133678
1022599, -0.0141771
1022648, -0.0133817
1022689, -0.0140912
1022726, -0.0133519
1022758, -0.0140285
1022785, -0.013406
1022812, -0.0141547
1022838, -0.0135022
1022865, -0.0140868
1022891, -0.0131674
1022916, -0.0139652
1022941, -0.0134241
1022967, -0.014158
1022993, -0.0134051
1023020, -0.0141145
1023048, -0.0132315
1023075, -0.0141156
1023104, -0.0133356
1023133, -0.014117
1023163, -0.0134802
1023195, -0.0141278
1023226, -0.013293
1023255, -0.0139797
1023285, -0.0132786
1023315, -0.0140714
1023346, -0.0134414
1023377, -0.0141671
1023411, -0.0134256
1023445, -0.0140364
1023490, -0.013326
1023529, -0.0140868
1023562, -0.0134563
1023595, -0.0141053
1023628, -0.0133993
1023662, -0.0140243
1023695, -0.0133262
1023727, -0.0140138
1023761, -0.0134278
1023793, -0.0140132
1023826, -0.0133299
1023858, -0.0141184
1023891, -0.0133563
1023924, -0.0141167
1023956, -0.0134006
1023994, -0.0140163
1024029, -0.0133476
1024063, -0.014032
1024097, -0.0133871
1024135, -0.0141379
1024168, -0.0134741
1024202, -0.013997
1024236, -0.0133885
1024269, -0.0140401
1024302, -0.013419
1024335, -0.0141893
1024373, -0.0134168
1024409, -0.0140029
1024445, -0.0132455
1024480, -0.0140107
1024511, -0.0133518
1024542, -0.0140941
1024572, -0.0133999
1024603, -0.0141138
1024633, -0.0133515
1024665, -0.0141177
1024695, -0.0134396
1024729, -0.0142681
1024759, -0.0135683
1024787, -0.0141267
1024814, -0.0133048
1024842, -0.0138537
1024868, -0.0133232
1024893, -0.0141089
1024917, -0.0134568
1024945, -0.0139986
1024972, -0.0132925
1024999, -0.0140568
1025027, -0.0133973
1025057, -0.0140608
1025086, -0.0134948
1025115, -0.0141248
1025143, -0.0133918
1025172, -0.0140731
1025202, -0.0133397
1025233, -0.0141269
1025264, -0.0133577
1025296, -0.0141072
1025327, -0.0134334
1025359, -0.0140437
1025391, -0.0133614
1025422, -0.0140122
1025454, -0.0134117
1025485, -0.0140251
1025519, -0.0133225
1025555, -0.0138439
1025588, -0.0133672
1025620, -0.0141378
1025651, -0.0134254
1025683, -0.0140661
1025714, -0.0133748
1025745, -0.0141585
1025776, -0.0134632
1025815, -0.0141979
1025850, -0.0135204
1025886, -0.0142058
1025923, -0.0133217
1025957, -0.0138781
1025989, -0.0132356
1026021, -0.0140208
1026052, -0.0134117
1026080, -0.0139596
1026108, -0.0133018
1026136, -0.0140738
1026166, -0.0134624
1026195, -0.0140477
1026223, -0.0134344
1026251, -0.0141301
1026278, -0.0134788
1026306, -0.0140687
1026333, -0.01338
1026361, -0.0141293
1026388, -0.0135042
1026417, -0.0140565
1026446, -0.0133091
1026477, -0.0140755
1026506, -0.0132987
1026534, -0.0139533
1026564, -0.0133798
1026593, -0.014022
1026624, -0.0134681
1026655, -0.0139812
1026685, -0.0133609
1026715, -0.0141933
1026745, -0.0135333
1026776, -0.0141067
1026809, -0.0134525
1026839, -0.0141468
1026870, -0.0134743
1026900, -0.0140173
1026931, -0.0133794
1026962, -0.0141288
1026992, -0.0134111
1027024, -0.014013
1027060, -0.0132352
1027095, -0.0140588
1027127, -0.0133829
1027160, -0.014111
1027193, -0.0133261
1027226, -0.0140401
1027258, -0.0134814
1027290, -0.0141656
1027322, -0.0134717
1027354, -0.0141901
1027387, -0.0134623
1027419, -0.0140682
1027449, -0.0133149
1027480, -0.0139866
1027511, -0.0134268
1027542, -0.0139644
1027572, -0.0132239
1027602, -0.0139388
1027631, -0.0134085
1027660, -0.0141248
1027690, -0.0134976
1027719, -0.014232
1027751, -0.0135362
1027779, -0.0141708
1027807, -0.0133306
1027836, -0.0140844
1027865, -0.0134052
1027895, -0.0141208
1027925, -0.0133479
1027955, -0.014006
1027985, -0.0132465
1028016, -0.0139944
1028047, -0.0133109
1028077, -0.0141752
1028107, -0.0134015
1028140, -0.0141338
1028173, -0.0134056
1028203, -0.0140926
1028234, -0.0134854
1028264, -0.0141508
1028295, -0.0134921
1028325, -0.0141269
1028355, -0.0133271
1028385, -0.013999
1028417, -0.0133139
1028448, -0.014049
1028480, -0.0133797
1028514, -0.0140731
1028545, -0.0133168
1028575, -0.0140016
1028607, -0.0133675
1028640, -0.0142218
1028674, -0.0133732
1028708, -0.0140897
1028742, -0.0134398
1028777, -0.0142039
1028812, -0.0133993
1028849, -0.0141067
1028884, -0.0134852
1028918, -0.0140592
1028953, -0.0133284
1028987, -0.0139648
1029019, -0.0132889
1029056, -0.0140638
1029089, -0.0133468
1029124, -0.0140659
1029159, -0.0134253
1029192, -0.0141982
1029226, -0.0134711
1029260, -0.0142503
1029295, -0.0135364
1029326, -0.0141988
1029355, -0.0132847
1029388, -0.0141079
1029418, -0.0133986
1029447, -0.0141213
1029482, -0.0131994
1029513, -0.0139219
1029544, -0.0132607
1029571, -0.0141855
1029599, -0.0133625
1029627, -0.0140553
1029655, -0.0133779
1029683, -0.0141242
1029712, -0.0134564
1029739, -0.0141445
1029770, -0.0134455
1029799, -0.0142903
1029828, -0.0134896
1029855, -0.0141467
1029882, -0.0132256
1029911, -0.0141132
1029940, -0.0133271
1029972, -0.0141426
1030003, -0.0133801
1030036, -0.0141838
1030070, -0.0133076
1030105, -0.0139994
1030139, -0.0133193
1030169, -0.0141802
1030201, -0.0133615
1030232, -0.0140913
1030265, -0.0133622
1030297, -0.0141788
1030332, -0.0133081
1030365, -0.0139971
1030398, -0.0134349
1030432, -0.0142911
1030464, -0.0133667
1030497, -0.0141291
1030529, -0.013248
1030563, -0.0141176
1030599, -0.013222
1030636, -0.0140279
1030669, -0.0132386
1030705, -0.0142054
1030739, -0.013423
1030774, -0.0142418
1030807, -0.0133296
1030841, -0.0142597
1030876, -0.0134835
1030911, -0.0142214
1030945, -0.0133045
1030975, -0.0142229
1031005, -0.0133592
1031037, -0.0140156
1031069, -0.0131705
1031103, -0.0140687
1031134, -0.0133327
1031165, -0.0141587
1031196, -0.0133294
1031228, -0.0141251
1031259, -0.0133003
1031291, -0.014204
1031323, -0.0133504
1031355, -0.014323
1031389, -0.0133892
1031421, -0.0142064
1031453, -0.0133504
1031486, -0.0141873
1031517, -0.0133135
1031550, -0.0142423
1031582, -0.0133049
1031615, -0.0142337
1031647, -0.0132698
1031680, -0.0140478
1031713, -0.0132412
1031746, -0.0141371
1031779, -0.0133548
1031812, -0.0141566
1031844, -0.0132754
1031876, -0.0141784
1031911, -0.0132876
1031946, -0.014205
1031980, -0.0133299
1032014, -0.0142711
1032049, -0.0133593
1032084, -0.0141817
1032119, -0.01325
1032162, -0.0142149
1032202, -0.0132251
1032240, -0.0142073
1032277, -0.0131666
1032314, -0.0141594
1032347, -0.0133041
1032382, -0.0141894
1032417, -0.0133328
1032455, -0.0142006
1032479, -0.0133811
1032517, -0.0142553
1032555, -0.0133718
1032579, -0.0142544
1032616, -0.0132944
1032640, -0.0141631
1032675, -0.0131747
1032711, -0.0140849
1032750, -0.0131717
1032773, -0.0141655
1032811, -0.0132527
1032851, -0.0142244
1032876, -0.0132355
1032917, -0.0142946
1032941, -0.0132945
1032980, -0.0143806
1033018, -0.013428
1033040, -0.0142271
1033072, -0.0132363
1033104, -0.0141248
1033138, -0.0133003
1033170, -0.0142943
1033204, -0.0132042
1033236, -0.014099
1033273, -0.013245
1033309, -0.0141891
1033345, -0.0132001
1033381, -0.0141856
1033417, -0.0132988
1033454, -0.0142585
1033490, -0.0132684
1033523, -0.0142429
1033557, -0.0132226
1033594, -0.0143393
1033628, -0.0132838
1033664, -0.0143201
1033698, -0.0133681
1033731, -0.0142405
1033768, -0.0130724
1033803, -0.0140018
1033833, -0.0131799
1033863, -0.0142637
1033892, -0.0132548
1033925, -0.0140725
1033955, -0.0132657
1033985, -0.014242
1034014, -0.0133159
1034047, -0.014286
1034079, -0.0133864
1034107, -0.0143814
1034138, -0.0133161
1034171, -0.0141931
1034202, -0.0132564
1034236, -0.0142334
1034267, -0.0131533
1034303, -0.0141788
1034336, -0.0130805
1034369, -0.0139772
1034401, -0.0130534
1034434, -0.0141233
1034466, -0.0131864
1034500, -0.0143743
1034532, -0.0134481
1034563, -0.0143176
1034593, -0.0134278
1034625, -0.0143771
1034657, -0.0133084
1034688, -0.014285
1034719, -0.0132766
1034750, -0.0142841
1034782, -0.0132347
1034814, -0.0139874
1034845, -0.0129324
1034875, -0.0140868
1034901, -0.0131254
1034928, -0.014246
1034954, -0.0131901
1034982, -0.0143553
1035010, -0.0133441
1035039, -0.0142878
1035067, -0.0133196
1035096, -0.0144833
1035125, -0.0134246
1035150, -0.0143495
1035175, -0.0132225
1035200, -0.0142631
1035227, -0.0132754
1035256, -0.0142834
1035283, -0.0131964
1035310, -0.0140618
1035339, -0.0129732
1035367, -0.0140085
1035395, -0.0131215
1035422, -0.0141854
1035451, -0.0131963
1035479, -0.0142975
1035508, -0.0132804
1035536, -0.0143826
1035565, -0.0134129
1035597, -0.0143572
1035626, -0.0133506
1035657, -0.0143899
1035689, -0.0132033
1035719, -0.0142229
1035756, -0.0130474
1035786, -0.0140912
1035816, -0.0131856
1035845, -0.0140323
1035878, -0.0130535
1035908, -0.0141242
1035940, -0.0132572
1035970, -0.0143744
1036002, -0.0133358
1036035, -0.0144099
1036068, -0.0133314
1036098, -0.0143749
1036128, -0.0132726
1036161, -0.0144179
1036194, -0.0132122
1036229, -0.0141897
1036261, -0.0131163
1036293, -0.0142595
1036325, -0.0131159
1036357, -0.0142232
1036390, -0.0130958
1036427, -0.0143058
1036463, -0.013183
1036499, -0.0141799
1036535, -0.0131938
1036570, -0.0143066
1036605, -0.0134161
1036639, -0.014403
1036672, -0.0132644
1036707, -0.0143433
1036740, -0.0133283
1036775, -0.0142859
1036808, -0.0132731
1036842, -0.0142742
1036876, -0.0131747
1036911, -0.014123
1036943, -0.0130194
1036978, -0.0142676
1037011, -0.0132651
1037043, -0.0143431
1037075, -0.0131019
1037108, -0.0143016
1037140, -0.0132915
1037171, -0.0144101
1037204, -0.0132924
1037235, -0.0144101
1037268, -0.0133544
1037303, -0.0143036
1037335, -0.0130769
1037368, -0.0142048
1037402, -0.0132607
1037435, -0.0143031
1037467, -0.01298
1037501, -0.0140882
1037531, -0.0130965
1037565, -0.0144117
1037599, -0.0132047
1037633, -0.014447
1037668, -0.0132626
1037704, -0.0143094
1037738, -0.0131503
1037773, -0.0142236
1037808, -0.0133074
1037842, -0.0144114
1037876, -0.0131689
1037910, -0.014151
1037945, -0.0130348
1037975, -0.0142873
1038010, -0.0132645
1038045, -0.0143487
1038076, -0.0133158
1038107, -0.0143177
1038140, -0.0131705
1038175, -0.0141492
1038205, -0.0131853
1038235, -0.0144269
1038269, -0.0133095
1038299, -0.01427
1038334, -0.0131881
1038367, -0.0143531
1038402, -0.013337
1038435, -0.014371
1038469, -0.01321
1038499, -0.0142446
1038538, -0.0131189
1038571, -0.0141805
1038605, -0.0130759
1038639, -0.0142518
