Время (мс),Сигнал (В) 
934187, -0.00595896
934197, -0.00568628
934207, -0.00596622
934217, -0.00571156
934227, -0.00595134
934237, -0.00571299
934247, -0.00593403
934257, -0.00569687
934267, -0.00600012
934277, -0.00570775
934287, -0.0059774
934297, -0.0056817
934307, -0.00593665
934317, -0.005688
934327, -0.00595087
934337, -0.00569175
934347, -0.00592969
934357, -0.00567141
934367, -0.00594724
934378, -0.00572756
934399, -0.00597758
934413, -0.00570775
934428, -0.00598049
934445, -0.0057394
934461, -0.005989
934478, -0.00569258
934496, -0.00596419
934515, -0.00568289
934536, -0.00595218
934556, -0.00566593
934577, -0.00593772
934599, -0.00565421
934627, -0.00592886
934657, -0.00567837
934690, -0.00595456
934726, -0.00567842
934765, -0.00595854
934806, -0.00571031
934851, -0.00595539
934896, -0.00568901
934945, -0.00599572
934999, -0.00568533
935057, -0.00597205
935114, -0.0056808
935170, -0.0059498
935228, -0.00565517
935284, -0.00599043
935333, -0.00569276
935374, -0.00594456
935408, -0.00565219
935431, -0.00597722
935453, -0.00568711
935475, -0.00599679
935498, -0.00567956
935520, -0.00599209
935542, -0.00568366
935564, -0.00596901
935587, -0.00568378
935609, -0.00600643
935632, -0.00567926
935653, -0.00595747
935676, -0.00567135
935699, -0.00597704
935724, -0.00564089
935750, -0.00599108
935774, -0.00564434
935799, -0.00595277
935837, -0.00567135
935876, -0.00599376
935916, -0.00568895
935958, -0.00598299
935992, -0.00568527
936036, -0.00599298
936077, -0.00568182
936120, -0.00597722
936164, -0.00567926
936211, -0.00599953
936257, -0.00568485
936304, -0.00597151
936351, -0.00561252
936397, -0.00593802
936439, -0.00565749
936477, -0.00600101
936512, -0.00565891
936549, -0.00598067
936573, -0.00566183
936595, -0.00600512
936620, -0.00571923
936644, -0.00601404
936667, -0.00566195
936689, -0.00601666
936715, -0.00565029
936741, -0.00600381
936763, -0.00563702
936786, -0.00597924
936809, -0.00565903
936832, -0.00599988
936867, -0.00566492
936904, -0.0059953
936939, -0.00566195
936976, -0.00602136
937011, -0.00566944
937047, -0.0059837
937081, -0.00566391
937117, -0.00596467
937156, -0.00568687
937199, -0.00604926
937239, -0.00568866
937274, -0.00601398
937309, -0.00566635
937344, -0.00603956
937382, -0.00566944
937419, -0.00597466
937461, -0.00562584
937504, -0.00598168
937544, -0.00564779
937585, -0.00595765
937624, -0.00563393
937663, -0.00598489
937699, -0.00566308
937722, -0.00599994
937746, -0.00566807
937768, -0.00601327
937791, -0.00566064
937813, -0.00602035
937837, -0.00565493
937862, -0.006042
937898, -0.00562994
937937, -0.00596312
937975, -0.00559181
938012, -0.00599667
938032, -0.00564369
938066, -0.00601874
938099, -0.00562168
938132, -0.00598828
938167, -0.00568063
938202, -0.00603629
938236, -0.0056494
938282, -0.00604688
938318, -0.00567313
938352, -0.00600565
938387, -0.00562667
938420, -0.00601386
938454, -0.00563042
938493, -0.00602528
938535, -0.0056193
938577, -0.00601571
938619, -0.00561906
938663, -0.00597294
938703, -0.00561198
938741, -0.00600833
938779, -0.00564696
938803, -0.00600143
938827, -0.00565213
938850, -0.00602939
938874, -0.00566831
938900, -0.00602927
938923, -0.00565088
938959, -0.00607115
938999, -0.00564166
939034, -0.00599887
939059, -0.00561965
939097, -0.00599614
939133, -0.00564499
939157, -0.00602511
939195, -0.00560585
939231, -0.00598995
939269, -0.00564731
939305, -0.00604206
939342, -0.00564505
939379, -0.00604444
939418, -0.00564511
939456, -0.00603201
939480, -0.00562852
939518, -0.00604694
939555, -0.00562239
939595, -0.00601844
939631, -0.00562703
939674, -0.00605253
939712, -0.00561186
939751, -0.00600554
939788, -0.00557557
939829, -0.00605318
939850, -0.00563012
939887, -0.0060533
939909, -0.00564541
939932, -0.00604771
939954, -0.00562792
939990, -0.00600994
940028, -0.00563809
940068, -0.00603373
940094, -0.00560978
940135, -0.00604248
940161, -0.00561793
940191, -0.00601987
940233, -0.00562881
940258, -0.00603349
940299, -0.00558123
940340, -0.00600976
940384, -0.00559116
940410, -0.00601374
940454, -0.0055908
940499, -0.00604825
940525, -0.00562881
940551, -0.00605735
940595, -0.00562185
940636, -0.00603867
940663, -0.00560294
940705, -0.00605901
940748, -0.00563851
940792, -0.00601505
940817, -0.00559051
940860, -0.00602404
940890, -0.00556879
940918, -0.00598614
940945, -0.0055955
940973, -0.00603712
941001, -0.00560371
941029, -0.00605973
941056, -0.00562923
941099, -0.00606074
941125, -0.00564107
941167, -0.00606312
941193, -0.00559943
941219, -0.00602844
941263, -0.00559669
941290, -0.00604248
941332, -0.00561192
941373, -0.00602665
941417, -0.00559497
941445, -0.00604658
941489, -0.00556879
941530, -0.00602302
941559, -0.00562655
941587, -0.00605086
941626, -0.0055861
941670, -0.00605425
941698, -0.00562209
941744, -0.006058
941785, -0.00563435
941829, -0.00606413
941857, -0.00558824
941901, -0.00602552
941929, -0.0056024
941958, -0.00607151
941986, -0.00562513
942014, -0.00602552
942041, -0.0055933
942069, -0.00603516
942097, -0.00559699
942139, -0.00603569
942166, -0.00559211
942211, -0.00604551
942240, -0.00560544
942270, -0.00604729
942298, -0.00562066
942325, -0.00609173
942369, -0.00562768
942410, -0.00604771
942450, -0.00559443
942476, -0.00604468
942517, -0.00557325
942557, -0.00604884
942601, -0.00556737
942628, -0.00605925
942653, -0.00557093
942693, -0.0060442
942735, -0.00557694
942778, -0.00606811
942818, -0.0056027
942860, -0.00605277
942889, -0.00560502
942928, -0.00604057
942969, -0.00563494
942996, -0.0060671
943024, -0.00563185
943050, -0.00606383
943079, -0.00560365
943105, -0.00604509
943132, -0.00559937
943175, -0.00606324
943201, -0.00560353
943243, -0.00603046
943271, -0.00560026
943300, -0.00604545
943328, -0.00561567
943355, -0.00610601
943399, -0.00562388
943442, -0.00607109
943483, -0.00556695
943510, -0.00608334
943554, -0.00560734
943595, -0.00609494
943639, -0.00563714
943665, -0.00605556
943692, -0.00559283
943734, -0.00601131
943776, -0.00557873
943818, -0.00604111
943858, -0.00559776
943899, -0.00605854
943923, -0.00558819
943963, -0.00603534
944003, -0.0055795
944028, -0.00607531
944054, -0.00560966
944080, -0.00608281
944105, -0.00558598
944148, -0.00606996
944173, -0.00558765
944215, -0.00604819
944240, -0.00558539
944282, -0.00604105
944310, -0.00557766
944337, -0.00603171
944362, -0.00559645
944388, -0.00606455
944433, -0.00559253
944476, -0.00607597
944519, -0.00559741
944545, -0.00606258
944590, -0.00559711
944636, -0.00608519
944684, -0.00559003
944713, -0.00605253
944743, -0.00556891
944772, -0.00603766
944818, -0.0055569
944865, -0.00605699
944893, -0.00557266
944940, -0.00604503
944968, -0.00555184
944997, -0.0060671
945042, -0.00558069
945070, -0.00607103
945098, -0.00559402
945126, -0.0060837
945155, -0.00560782
945187, -0.00609143
945215, -0.00558033
945258, -0.00611481
945286, -0.00561656
945313, -0.00607936
945339, -0.00556433
945365, -0.00603111
945391, -0.00555172
945417, -0.00602481
945460, -0.00558224
945502, -0.00607275
945544, -0.00556528
945586, -0.00607591
945629, -0.00556772
945672, -0.00606776
945713, -0.00562881
945753, -0.00612409
945780, -0.0055845
945805, -0.00608192
945846, -0.00559009
945885, -0.00609917
945927, -0.00558271
945969, -0.00607882
945995, -0.00556796
946038, -0.0060671
946077, -0.00556986
946104, -0.00602874
946133, -0.00559318
946158, -0.00609863
946184, -0.00556695
946224, -0.00608162
946252, -0.0056052
946293, -0.00605598
946320, -0.00561912
946345, -0.00610476
946370, -0.00559854
946397, -0.00611332
946424, -0.00555065
946453, -0.00608638
946496, -0.00558813
946537, -0.00610107
946577, -0.00554488
946621, -0.00602879
946661, -0.00556165
946702, -0.00605973
946745, -0.00553804
946790, -0.00607942
946816, -0.00559473
946843, -0.00610547
946886, -0.0055538
946915, -0.00608412
946958, -0.00558093
947001, -0.00609459
947028, -0.00556933
947070, -0.00609572
947113, -0.00556005
947140, -0.00607133
947171, -0.00557593
947199, -0.0060533
947226, -0.0055817
947253, -0.00607948
947283, -0.00551074
947327, -0.00608043
947353, -0.00559068
947379, -0.00611439
947406, -0.0055748
947432, -0.00608763
947459, -0.00556689
947485, -0.00609792
947527, -0.00559437
947569, -0.00610464
947612, -0.00557516
947654, -0.00605705
947697, -0.00554762
947739, -0.00605485
947781, -0.00554024
947822, -0.00609399
947850, -0.00556986
947876, -0.00608459
947920, -0.00556576
947946, -0.00609946
947988, -0.00555452
948029, -0.00611219
948056, -0.00557189
948098, -0.00609381
948141, -0.00555547
948166, -0.00609732
948208, -0.00555797
948235, -0.00611392
948262, -0.00556891
948289, -0.00604492
948315, -0.00553156
948362, -0.0061091
948391, -0.00555809
948420, -0.0060749
948449, -0.00554976
948478, -0.00611231
948508, -0.00554536
948537, -0.00610541
948567, -0.00556998
948614, -0.00614675
948642, -0.00554643
948685, -0.00609756
948731, -0.00556118
