	30 V
0	-0.00310691
10	-0.0020696
20	-0.0031304
30	-0.00206705
40	-0.00311589
50	-0.00206009
60	-0.00312136
70	-0.00205569
80	-0.00312695
90	-0.00207264
100	-0.00312541
114	-0.00205872
121	-0.00311934
130	-0.00207311
140	-0.00311375
150	-0.00206901
160	-0.00311702
172	-0.0020752
188	-0.00311648
205	-0.00206824
226	-0.00310691
249	-0.0020661
273	-0.00312088
300	-0.00207234
329	-0.00311506
359	-0.00207288
392	-0.00311666
426	-0.00207811
460	-0.00310679
496	-0.0020746
531	-0.00311708
569	-0.00206806
620	-0.00310851
673	-0.00207775
730	-0.00310845
794	-0.0020774
860	-0.00311208
930	-0.00207246
1023	-0.00311529
1100	-0.00207817
1138	-0.00311553
1170	-0.00208198
1201	-0.00311113
1231	-0.00206711
1260	-0.00310465
1288	-0.00207436
1317	-0.00310572
1347	-0.00206972
1376	-0.00310881
1405	-0.00208001
1434	-0.00310786
1463	-0.00206348
1495	-0.00309917
1529	-0.00207781
1559	-0.00310435
1588	-0.00207835
1618	-0.0031078
1651	-0.00208251
1682	-0.00310708
1714	-0.00207805
1747	-0.00310697
1778	-0.00208465
1812	-0.00310185
1845	-0.00207472
1878	-0.00310387
1911	-0.00208436
1945	-0.00310274
1979	-0.00207948
2050	-0.00310238
2111	-0.00208686
2165	-0.00309965
2217	-0.00207341
2254	-0.0031012
2291	-0.00208745
2324	-0.00310369
2356	-0.00207609
2389	-0.00310363
2422	-0.0020859
2457	-0.00309447
2492	-0.0020953
2525	-0.00310929
2561	-0.00209084
2595	-0.00309899
2627	-0.00207656
2660	-0.0031119
2694	-0.00209037
2726	-0.00309923
2761	-0.00208561
2795	-0.00309049
2828	-0.00208674
2862	-0.00309192
2895	-0.00207823
2927	-0.00309126
2961	-0.00208686
2993	-0.00309477
3027	-0.00209441
3061	-0.00310447
3096	-0.00209536
3130	-0.00309376
3163	-0.00209025
3218	-0.00310482
3252	-0.00208662
3303	-0.00310078
3336	-0.0020956
3371	-0.00309477
3404	-0.00210732
3438	-0.00309608
3471	-0.00209471
3505	-0.00308948
3538	-0.00210054
3571	-0.00308484
3605	-0.00208632
3638	-0.0031009
3671	-0.00209435
3705	-0.00309691
3740	-0.0020953
3775	-0.00308864
3810	-0.00210655
3843	-0.00309435
3877	-0.00209548
3913	-0.00309489
3946	-0.00209738
3980	-0.00309275
4016	-0.00208977
4051	-0.00307877
4086	-0.00209959
4119	-0.00308543
4154	-0.00209875
4189	-0.00309525
4223	-0.00210452
4257	-0.00308502
4291	-0.0021022
4344	-0.00308852
4380	-0.00209988
4414	-0.00309364
4449	-0.00209715
4485	-0.00307817
4519	-0.00209982
4553	-0.00307591
4587	-0.00209572
4621	-0.00308043
4654	-0.00209429
4688	-0.00308293
4722	-0.00209786
4755	-0.00307544
4790	-0.00210785
4823	-0.00307913
4857	-0.00210315
4893	-0.00308311
4926	-0.00211226
4963	-0.0030843
4996	-0.00211232
5031	-0.00308103
5065	-0.0021169
5099	-0.00308466
5133	-0.00210494
5167	-0.00307449
5200	-0.00210036
5236	-0.0030771
5273	-0.00211386
5307	-0.00307264
5343	-0.00210625
5397	-0.00308222
5431	-0.00210762
5466	-0.00307907
5500	-0.00210756
5537	-0.00307675
5573	-0.00211541
5607	-0.00307704
5644	-0.00210857
5681	-0.00307508
5715	-0.00210666
5751	-0.00307282
5785	-0.00211464
5820	-0.00306586
5854	-0.00210553
5889	-0.00307127
5924	-0.0021135
5960	-0.00307205
5994	-0.00210768
6029	-0.00306521
6063	-0.00211261
6097	-0.00307008
6131	-0.00211565
6165	-0.00307538
6199	-0.00212046
6235	-0.00307895
6269	-0.00210375
6307	-0.00306741
6352	-0.00211993
6385	-0.00306556
6419	-0.00211261
6454	-0.00307234
6489	-0.00212023
6522	-0.00306229
6557	-0.00211154
6593	-0.00306021
6627	-0.00211184
6660	-0.00307068
6693	-0.00211981
6727	-0.00306533
6761	-0.00210643
6797	-0.00307044
6830	-0.00211803
6867	-0.0030639
6900	-0.00212255
6934	-0.00306842
6970	-0.00212136
7004	-0.00306866
7038	-0.00211904
7074	-0.00306235
7108	-0.00212011
7143	-0.00306812
7178	-0.00212165
7211	-0.00306747
7245	-0.00212386
7281	-0.00306949
7317	-0.00211874
7351	-0.00306556
7404	-0.002121
7438	-0.00305379
7471	-0.0021257
7505	-0.00306265
7541	-0.00213337
7575	-0.00306812
7610	-0.00212427
7646	-0.00305069
7679	-0.00213123
7714	-0.00306491
7748	-0.00213748
7781	-0.00306812
7815	-0.00212314
7849	-0.00305872
7883	-0.00212177
7919	-0.00306521
7952	-0.00212986
7988	-0.00305634
8023	-0.00212273
8057	-0.0030614
8091	-0.00212516
8126	-0.0030592
8160	-0.00211856
8194	-0.0030724
8229	-0.00212112
8262	-0.00305462
8299	-0.00212445
8334	-0.0030611
8368	-0.0021282
8402	-0.00306931
8456	-0.00212552
8491	-0.00306705
8525	-0.00212683
8558	-0.00306497
8592	-0.0021326
8626	-0.0030658
8660	-0.00214015
8695	-0.0030523
8729	-0.00212879
8764	-0.00306092
8798	-0.00213099
8832	-0.00305622
8866	-0.00213183
8903	-0.00305266
8937	-0.00213141
8972	-0.00306425
9006	-0.00213724
9040	-0.00305057
9076	-0.00213391
9109	-0.00305843
9143	-0.00213772
9178	-0.00305908
9213	-0.00212885
9247	-0.00306182
9281	-0.00214265
9316	-0.00305486
9352	-0.00212778
9386	-0.00305099
9421	-0.00213581
9455	-0.00305926
9506	-0.00214111
9542	-0.00305575
9577	-0.00214117
9611	-0.00305682
9646	-0.00212671
9680	-0.00306312
9715	-0.00213914
9748	-0.00304659
9782	-0.00213962
9816	-0.00305218
9850	-0.00213623
9887	-0.0030542
9924	-0.00213195
9958	-0.00304689
9992	-0.00213926
10025	-0.00305236
10059	-0.00213278
10093	-0.00306336
10128	-0.0021442
10161	-0.00304992
10195	-0.00213153
10232	-0.00304825
10265	-0.00214099
10300	-0.00304504
10336	-0.00214884
10370	-0.00305164
10406	-0.00213825
10440	-0.00304534
10474	-0.00213843
10509	-0.00304522
10543	-0.00213896
10577	-0.00306253
10636	-0.00212588
10670	-0.00305355
10704	-0.0021367
10737	-0.00305801
10771	-0.00213664
10804	-0.00304926
10838	-0.00214349
10872	-0.00305771
10907	-0.00214896
10940	-0.00305051
10975	-0.002142
11010	-0.00304706
11044	-0.00213896
11078	-0.00305028
11111	-0.00214741
11144	-0.00304349
11178	-0.00214575
11213	-0.003041
11249	-0.00214658
11284	-0.0030539
11318	-0.00212855
11352	-0.00305117
11385	-0.00213718
11420	-0.00303862
11454	-0.00214438
11490	-0.00304254
11526	-0.00215033
11560	-0.0030426
11594	-0.00214354
11629	-0.00304689
11683	-0.0021436
11717	-0.00305081
11754	-0.00213932
11789	-0.00305688
11822	-0.00215062
11857	-0.00303903
11890	-0.00214485
11923	-0.00304802
11957	-0.00214438
11990	-0.00303921
12024	-0.00214575
12060	-0.00304112
12100	-0.00214164
12133	-0.00305289
12167	-0.00214509
12201	-0.0030401
12234	-0.00214622
12268	-0.00305468
12302	-0.00214051
12337	-0.00304926
12371	-0.00214664
12404	-0.00303975
12439	-0.00215158
12473	-0.00304938
12507	-0.00214586
12542	-0.00304213
12576	-0.00214973
12609	-0.00304635
12643	-0.00215015
12677	-0.00303677
12728	-0.00214616
12762	-0.00304391
12796	-0.00214688
12829	-0.00304207
12864	-0.0021533
12900	-0.00304611
12933	-0.00215836
12967	-0.00304641
13001	-0.00214224
13036	-0.00303987
13070	-0.00214456
13103	-0.00304349
13137	-0.0021558
13171	-0.00303564
13204	-0.00216371
13238	-0.00303725
13271	-0.00214896
13304	-0.00304284
13338	-0.00214902
13372	-0.00303659
13407	-0.00214765
13441	-0.00304159
13475	-0.0021536
13509	-0.00304189
13542	-0.00214813
13593	-0.0030363
13627	-0.00215943
13662	-0.00303885
13697	-0.00214967
13731	-0.00303624
13765	-0.00215752
13799	-0.00303713
13834	-0.00215175
13868	-0.00303344
13902	-0.00216514
13940	-0.00303862
13976	-0.00215122
14011	-0.0030357
14045	-0.00215711
14080	-0.0030335
14114	-0.00214682
14148	-0.00303945
14183	-0.00216056
14216	-0.00302321
14250	-0.00215443
14284	-0.00302434
14318	-0.00216597
14352	-0.003031
14385	-0.00215271
14420	-0.0030294
14455	-0.00215425
14489	-0.00303969
14523	-0.00215497
14557	-0.00303933
14591	-0.0021602
14648	-0.00302303
14685	-0.00216056
14719	-0.00303195
14752	-0.00216383
14786	-0.00303041
14820	-0.0021668
14853	-0.00302678
14887	-0.00216044
14921	-0.00302047
14957	-0.00216193
14990	-0.00304046
15024	-0.00215776
15058	-0.00303529
15091	-0.00215425
15125	-0.00303356
15158	-0.00216609
15192	-0.00303404
15226	-0.00216044
15260	-0.0030294
15294	-0.00217305
15327	-0.00302862
15364	-0.00215158
15399	-0.00302607
15436	-0.0021768
15469	-0.00302892
15504	-0.00216359
15538	-0.00302285
15572	-0.002153
15606	-0.00302285
15639	-0.00216764
15692	-0.00302975
15725	-0.00217263
15759	-0.0030263
15793	-0.00215574
15829	-0.00302963
15862	-0.00215681
15896	-0.00302232
15932	-0.00216389
15966	-0.00303035
16000	-0.00217602
16035	-0.00302267
16069	-0.00216145
16105	-0.00302654
16138	-0.00215633
16172	-0.00301952
16205	-0.00216258
16239	-0.00302874
16272	-0.0021677
16306	-0.00302398
16340	-0.0021677
16375	-0.00301988
16411	-0.00216395
16446	-0.00301357
16482	-0.00216139
16516	-0.00302624
16550	-0.00216603
16583	-0.00302226
16618	-0.00216883
16653	-0.00302868
16689	-0.00217269
16743	-0.00301625
16777	-0.00216353
16812	-0.00302256
16845	-0.00216484
16881	-0.00302273
16916	-0.00215746
16952	-0.00303344
16989	-0.00216216
17022	-0.0030263
17061	-0.00215907
17097	-0.00301167
17131	-0.00217103
17165	-0.00301994
17200	-0.00216835
17233	-0.0030238
17267	-0.0021602
17301	-0.00301994
17335	-0.00216829
17368	-0.0030316
17402	-0.00216906
17435	-0.00301851
17469	-0.00217198
17504	-0.00301494
17538	-0.00216948
17574	-0.00301875
17611	-0.00216799
17644	-0.00302279
17678	-0.00218031
17712	-0.00301589
17749	-0.00216306
17785	-0.00301708
17818	-0.00216151
17851	-0.00302065
17885	-0.00217876
17918	-0.00301934
17952	-0.0021721
18004	-0.00302
18039	-0.00216657
18073	-0.00301494
18106	-0.00217002
18140	-0.00301006
18175	-0.00218233
18208	-0.00301685
18242	-0.00217721
18275	-0.00301244
18309	-0.00216157
18343	-0.00301554
18376	-0.00217501
18412	-0.00301583
18445	-0.0021815
18481	-0.00302047
18515	-0.00218328
18549	-0.00301399
18583	-0.00216817
18619	-0.00302131
18653	-0.00218554
18689	-0.00300608
18725	-0.00217941
18759	-0.00301334
18793	-0.00218286
18826	-0.00301215
18860	-0.00218227
18894	-0.00302386
18928	-0.00217323
18961	-0.00301821
18998	-0.00217394
19051	-0.00301048
19086	-0.00219012
19128	-0.00301066
19168	-0.00218221
19216	-0.00301304
19249	-0.00218269
19282	-0.00300965
19314	-0.00217406
19346	-0.00301577
19381	-0.0021878
19414	-0.00300459
19446	-0.00217608
19482	-0.00301286
19514	-0.00217347
19550	-0.00300406
19582	-0.00217263
19616	-0.00300257
19651	-0.00219042
19684	-0.00300519
19719	-0.00217347
19755	-0.00300876
19790	-0.00218394
19826	-0.00300721
19862	-0.00218846
19894	-0.00300037
19928	-0.0021884
19961	-0.00300816
19995	-0.00218316
20031	-0.00301191
20066	-0.00217686
20100	-0.0030078
20136	-0.00218376
20172	-0.00300566
20206	-0.00218275
20259	-0.00299936
20294	-0.00218608
20327	-0.00301191
20360	-0.0021809
20396	-0.00300697
20430	-0.00218721
20464	-0.00300584
20500	-0.00219226
20534	-0.00299965
20567	-0.00219577
20603	-0.00300971
20637	-0.00218465
20671	-0.00300382
20704	-0.0021831
20738	-0.00300025
20772	-0.00218637
20806	-0.00300072
20839	-0.00218477
20873	-0.00300429
20908	-0.00219649
20941	-0.00298722
20977	-0.00218887
21013	-0.00299733
21047	-0.00219988
21081	-0.00298383
21115	-0.00218667
21150	-0.00299858
21184	-0.00218929
21219	-0.00300007
21252	-0.00219137
21308	-0.0029921
21343	-0.00219203
21379	-0.00299115
21414	-0.00218251
21447	-0.00300763
21482	-0.0021859
21521	-0.00298496
21557	-0.00218947
21592	-0.00299995
21625	-0.00220053
21660	-0.00297979
21694	-0.00219244
21727	-0.00300572
21762	-0.00219327
21795	-0.00298663
21828	-0.00219304
21861	-0.0029962
21894	-0.00219339
21927	-0.00298062
21962	-0.0021925
21996	-0.002994
22030	-0.00219589
22076	-0.00299501
22111	-0.00218768
22157	-0.00299567
22193	-0.00219012
22227	-0.00298651
22260	-0.00219387
22292	-0.00299757
22325	-0.00218965
22358	-0.00297961
22391	-0.0022
22424	-0.00299252
22457	-0.0021978
22490	-0.00298936
22523	-0.00219405
22558	-0.00298449
22591	-0.00219542
22641	-0.00299133
22675	-0.0022022
22708	-0.00298454
22741	-0.00220291
22774	-0.00298799
22809	-0.00220737
22843	-0.00299698
22876	-0.00220565
22913	-0.00297979
22947	-0.00220232
22983	-0.00299965
23017	-0.00220017
23051	-0.00298996
23087	-0.00219137
23123	-0.00297741
23157	-0.00220172
23212	-0.00297461
23245	-0.00219976
23279	-0.00298199
23313	-0.00220148
23347	-0.00297312
23381	-0.00220339
23413	-0.00298199
23447	-0.00218744
23479	-0.00297675
23513	-0.00220589
23546	-0.00299228
23579	-0.00219803
23611	-0.00297336
23647	-0.00219571
23681	-0.00298443
23713	-0.00221005
23745	-0.0029717
23779	-0.00219565
23811	-0.00296438
23843	-0.00219666
23893	-0.00298407
23928	-0.0022041
23960	-0.00298871
23992	-0.00219631
24025	-0.00298104
24058	-0.00219869
24091	-0.0029758
24127	-0.00221796
24160	-0.00298228
24193	-0.00220755
24247	-0.00298187
24280	-0.00219738
24313	-0.00297229
24371	-0.00220172
24405	-0.0029827
24439	-0.00220856
24472	-0.00296813
24506	-0.00220559
24539	-0.00297283
24572	-0.00220999
24606	-0.00298187
24639	-0.00220749
24673	-0.00297931
24706	-0.00220452
24740	-0.00297532
24774	-0.00221772
24810	-0.00297854
24844	-0.00221279
24880	-0.00296842
24915	-0.00221475
24948	-0.00297336
24981	-0.00221564
25014	-0.00297473
25048	-0.00221707
25084	-0.0029802
25118	-0.00220487
25151	-0.00297764
25185	-0.00220904
25220	-0.00298175
25256	-0.00220678
25289	-0.00297634
25327	-0.00221136
25364	-0.0029824
25416	-0.00221112
25450	-0.00297306
25484	-0.00221641
25519	-0.00297152
25553	-0.00221457
25589	-0.00297146
25623	-0.00221356
25657	-0.00297973
25690	-0.00221772
25725	-0.002973
25759	-0.00221332
25795	-0.00297378
25833	-0.0022223
25871	-0.00296486
25907	-0.00221891
25943	-0.00296795
25976	-0.0022135
26010	-0.00297723
26046	-0.00221665
26080	-0.00296938
26114	-0.00221392
26152	-0.00297562
26187	-0.00221505
26223	-0.00296991
26256	-0.00222058
26292	-0.00297187
26327	-0.00221778
26362	-0.002978
26397	-0.00222724
26432	-0.00297681
26466	-0.00221231
26503	-0.00298175
26539	-0.00221255
26573	-0.00296194
26607	-0.00222016
26641	-0.00296622
26676	-0.00222629
26713	-0.00297461
26747	-0.00222427
26781	-0.00297753
26815	-0.00221897
26849	-0.00296146
26885	-0.00222801
26923	-0.00296468
26956	-0.00222099
26992	-0.00296497
27026	-0.00221106
27059	-0.00297443
27096	-0.00221177
27130	-0.00296515
27164	-0.00221772
27203	-0.00297063
27238	-0.0022176
27272	-0.00297039
27307	-0.00221695
27341	-0.00296486
27374	-0.00221171
27408	-0.00296718
27444	-0.00221737
27480	-0.00297604
27514	-0.00222986
27548	-0.00297015
27582	-0.00223432
27616	-0.00296545
27651	-0.0022176
27684	-0.00296105
27718	-0.00223426
27754	-0.00296206
27788	-0.00221392
27821	-0.00295992
27855	-0.00222325
27897	-0.00296706
27931	-0.00222748
27967	-0.00295677
28001	-0.00221915
28047	-0.00296474
28086	-0.00221653
28120	-0.00296658
28157	-0.00221731
28191	-0.00296087
28224	-0.00222064
28258	-0.00296146
28292	-0.00223045
28326	-0.00295415
28362	-0.00223051
28395	-0.00295861
28430	-0.00221148
28464	-0.00297651
28497	-0.00222117
28530	-0.00296825
28565	-0.00223349
28600	-0.002967
28634	-0.0022383
28667	-0.00295718
28702	-0.00222724
28737	-0.00296908
28771	-0.00222189
28803	-0.0029573
28837	-0.00222088
28871	-0.00296486
28905	-0.00222361
28939	-0.00295314
28972	-0.00223604
29005	-0.00295355
29038	-0.00223283
29093	-0.00295903
29126	-0.00223598
29163	-0.00296105
29200	-0.0022251
29235	-0.0029545
29268	-0.00223176
29300	-0.00296111
29334	-0.00223289
29368	-0.0029482
29400	-0.00222682
29435	-0.00295183
29468	-0.00223485
29500	-0.00295462
29534	-0.00222861
29579	-0.00295314
29613	-0.00222998
29648	-0.00295718
29682	-0.00222599
29715	-0.00296325
29748	-0.00223093
29783	-0.00295147
29816	-0.0022298
29851	-0.00295665
29884	-0.00222439
29924	-0.00295296
29957	-0.00224187
29996	-0.00295837
30031	-0.00223545
30065	-0.00295748
30099	-0.00224419
30133	-0.00295052
30168	-0.00223051
30201	-0.00295355
30235	-0.0022323
30292	-0.00294987
30328	-0.00223682
30361	-0.00294576
30395	-0.00223497
30432	-0.00295296
30466	-0.00223355
30499	-0.00294636
30536	-0.00223301
30571	-0.00295373
30607	-0.00224098
30641	-0.00295076
30674	-0.00223825
30713	-0.00295332
30746	-0.00223593
30780	-0.00294261
30813	-0.0022383
30847	-0.00295105
30881	-0.0022417
30916	-0.00294344
30950	-0.00223474
30984	-0.00294523
31018	-0.0022417
31052	-0.00294433
31086	-0.00224336
31119	-0.00293821
31153	-0.00223961
31189	-0.0029463
31223	-0.00223711
31257	-0.00294279
31291	-0.00224628
31347	-0.00294856
31381	-0.00224247
31415	-0.00294118
31448	-0.00223943
31482	-0.00293642
31517	-0.00224235
31551	-0.00294409
31585	-0.00222956
31619	-0.00294606
31652	-0.00223521
31697	-0.00294927
31743	-0.00224544
31788	-0.00294749
31821	-0.002237
31853	-0.00294796
31886	-0.00224384
31919	-0.00294731
31952	-0.00224693
31985	-0.00295611
32017	-0.00224747
32051	-0.00294707
32085	-0.00224752
32118	-0.00295611
32151	-0.00224693
32185	-0.00293886
32219	-0.0022367
32255	-0.00294059
32289	-0.00224158
32323	-0.00294755
32356	-0.00225389
32390	-0.00294915
32425	-0.00224158
32458	-0.00294207
32492	-0.00225216
32525	-0.002946
32560	-0.00224562
32593	-0.00294808
32635	-0.00224925
32676	-0.00294059
32713	-0.00223652
32747	-0.0029344
32781	-0.00224818
32834	-0.00295302
32868	-0.00224586
32905	-0.00294606
32940	-0.00224687
32975	-0.00294493
33009	-0.00224193
33043	-0.00294481
33078	-0.0022524
33114	-0.00294047
33147	-0.0022433
33184	-0.00293916
33219	-0.00224645
33253	-0.00294023
33288	-0.00225294
33324	-0.00294427
33358	-0.00224764
33392	-0.00294267
33425	-0.00224687
33459	-0.0029413
33494	-0.00225222
33527	-0.00294737
33559	-0.00224152
33596	-0.00294154
33628	-0.00225038
33663	-0.00294415
33698	-0.00224616
